1 0.8377403846153846 0.10697115384615384 0.04326923076923077 0.051682692307692304
1 0.45913461538461536 0.01201923076923077 0.028846153846153848 0.02403846153846154
1 0.6057692307692307 0.125 0.042067307692307696 0.05048076923076923
1 0.046875 0.12620192307692307 0.036057692307692304 0.04927884615384615
1 0.9014423076923077 0.13581730769230768 0.042067307692307696 0.05048076923076923
1 0.9915865384615384 0.14903846153846154 0.016826923076923076 0.03365384615384615
1 0.6418269230769231 0.16105769230769232 0.027644230769230768 0.04447115384615385
1 0.6694711538461539 0.16346153846153846 0.03125 0.04927884615384615
1 0.4326923076923077 0.016826923076923076 0.026442307692307692 0.03245192307692308
1 0.7139423076923077 0.18509615384615385 0.027644230769230768 0.03485576923076923
1 0.04927884615384615 0.19110576923076922 0.026442307692307692 0.040865384615384616
1 0.21394230769230768 0.20673076923076922 0.03485576923076923 0.09014423076923077
1 0.014423076923076924 0.2091346153846154 0.025240384615384616 0.054086538461538464
0 0.3317307692307692 0.2620192307692308 0.027644230769230768 0.04927884615384615
1 0.009615384615384616 0.26322115384615385 0.019230769230769232 0.036057692307692304
1 0.7079326923076923 0.27403846153846156 0.02403846153846154 0.027644230769230768
1 0.7872596153846154 0.29086538461538464 0.025240384615384616 0.036057692307692304
1 0.4074519230769231 0.31490384615384615 0.025240384615384616 0.036057692307692304
0 0.8076923076923077 0.32211538461538464 0.03485576923076923 0.04567307692307692
0 0.7475961538461539 0.3269230769230769 0.038461538461538464 0.040865384615384616
1 0.6057692307692307 0.34134615384615385 0.04326923076923077 0.055288461538461536
1 0.7512019230769231 0.36177884615384615 0.021634615384615384 0.030048076923076924
1 0.21875 0.40024038461538464 0.02403846153846154 0.03365384615384615
1 0.6262019230769231 0.4254807692307692 0.038461538461538464 0.040865384615384616
1 0.07932692307692307 0.42788461538461536 0.021634615384615384 0.030048076923076924
1 0.4050480769230769 0.4411057692307692 0.026442307692307692 0.03125
1 0.9807692307692307 0.4495192307692308 0.02403846153846154 0.03245192307692308
1 0.921875 0.4675480769230769 0.027644230769230768 0.042067307692307696
1 0.6045673076923077 0.47115384615384615 0.03125 0.04567307692307692
1 0.765625 0.4807692307692308 0.02283653846153846 0.03125
1 0.015625 0.4807692307692308 0.028846153846153848 0.039663461538461536
1 0.22355769230769232 0.04927884615384615 0.027644230769230768 0.036057692307692304
0 0.4879807692307692 0.49038461538461536 0.03485576923076923 0.06490384615384616
1 0.8834134615384616 0.4963942307692308 0.02283653846153846 0.03245192307692308
1 0.19110576923076922 0.05048076923076923 0.027644230769230768 0.036057692307692304
1 0.06009615384615385 0.5072115384615384 0.028846153846153848 0.027644230769230768
1 0.9254807692307693 0.5216346153846154 0.020432692307692308 0.03245192307692308
1 0.33052884615384615 0.5264423076923077 0.02403846153846154 0.030048076923076924
1 0.15985576923076922 0.5769230769230769 0.03485576923076923 0.04927884615384615
1 0.19591346153846154 0.5817307692307693 0.02403846153846154 0.03125
1 0.6658653846153846 0.06009615384615385 0.027644230769230768 0.03245192307692308
1 0.5564903846153846 0.6322115384615384 0.021634615384615384 0.03245192307692308
1 0.6778846153846154 0.6995192307692307 0.02403846153846154 0.036057692307692304
0 0.7271634615384616 0.7247596153846154 0.036057692307692304 0.04447115384615385
1 0.15504807692307693 0.75 0.020432692307692308 0.04326923076923077
1 0.40865384615384615 0.7548076923076923 0.02403846153846154 0.037259615384615384
1 0.7944711538461539 0.8137019230769231 0.03125 0.04326923076923077
1 0.8810096153846154 0.8245192307692307 0.036057692307692304 0.042067307692307696
1 0.19471153846153846 0.8521634615384616 0.028846153846153848 0.039663461538461536
1 0.06129807692307692 0.008413461538461538 0.027644230769230768 0.016826923076923076
1 0.9399038461538461 0.09014423076923077 0.030048076923076924 0.037259615384615384
1 0.14903846153846154 0.09134615384615384 0.02283653846153846 0.030048076923076924
0 0.21875 0.09254807692307693 0.042067307692307696 0.04567307692307692