1 0.14423076923076922 0.09615384615384616 0.036057692307692304 0.052884615384615384
1 0.1814903846153846 0.9675480769230769 0.02403846153846154 0.040865384615384616
1 0.8377403846153846 0.9759615384615384 0.026442307692307692 0.040865384615384616
1 0.5228365384615384 0.9759615384615384 0.028846153846153848 0.042067307692307696
1 0.7055288461538461 0.9807692307692307 0.036057692307692304 0.038461538461538464
1 0.9771634615384616 0.10817307692307693 0.027644230769230768 0.038461538461538464
0 0.4074519230769231 0.12259615384615384 0.042067307692307696 0.08052884615384616
1 0.9326923076923077 0.12379807692307693 0.026442307692307692 0.027644230769230768
1 0.3329326923076923 0.15504807692307693 0.026442307692307692 0.05048076923076923
0 0.7415865384615384 0.15625 0.04326923076923077 0.039663461538461536
1 0.45913461538461536 0.16826923076923078 0.025240384615384616 0.03245192307692308
1 0.8425480769230769 0.17067307692307693 0.03125 0.05048076923076923
1 0.5865384615384616 0.018028846153846152 0.038461538461538464 0.036057692307692304
1 0.9807692307692307 0.18269230769230768 0.027644230769230768 0.04447115384615385
1 0.056490384615384616 0.20552884615384615 0.03125 0.040865384615384616
1 0.9038461538461539 0.20552884615384615 0.026442307692307692 0.03485576923076923
1 0.23197115384615385 0.20793269230769232 0.030048076923076924 0.042067307692307696
1 0.6526442307692307 0.2091346153846154 0.027644230769230768 0.036057692307692304
1 0.039663461538461536 0.021634615384615384 0.03125 0.04326923076923077
1 0.21394230769230768 0.02283653846153846 0.027644230769230768 0.037259615384615384
1 0.49759615384615385 0.22596153846153846 0.02403846153846154 0.03245192307692308
1 0.0889423076923077 0.22956730769230768 0.03245192307692308 0.06009615384615385
0 0.4699519230769231 0.23317307692307693 0.025240384615384616 0.054086538461538464
1 0.16346153846153846 0.2403846153846154 0.027644230769230768 0.040865384615384616
1 0.8774038461538461 0.24759615384615385 0.03245192307692308 0.039663461538461536
1 0.3605769230769231 0.2512019230769231 0.026442307692307692 0.03485576923076923
1 0.9230769230769231 0.25600961538461536 0.026442307692307692 0.030048076923076924
0 0.2800480769230769 0.25721153846153844 0.04326923076923077 0.06490384615384616
1 0.5961538461538461 0.2692307692307692 0.03125 0.046875
1 0.8737980769230769 0.028846153846153848 0.03365384615384615 0.04567307692307692
1 0.3329326923076923 0.2824519230769231 0.03245192307692308 0.040865384615384616
1 0.9447115384615384 0.2920673076923077 0.027644230769230768 0.038461538461538464
1 0.9771634615384616 0.29447115384615385 0.027644230769230768 0.037259615384615384
0 0.12379807692307693 0.2956730769230769 0.03485576923076923 0.07091346153846154
1 0.41947115384615385 0.2956730769230769 0.030048076923076924 0.036057692307692304
0 0.5012019230769231 0.30288461538461536 0.04807692307692308 0.05048076923076923
1 0.013221153846153846 0.3137019230769231 0.026442307692307692 0.04567307692307692
1 0.1658653846153846 0.3137019230769231 0.025240384615384616 0.03125
1 0.7560096153846154 0.32211538461538464 0.03485576923076923 0.07572115384615384
0 0.3112980769230769 0.3293269230769231 0.030048076923076924 0.05048076923076923
1 0.15384615384615385 0.3449519230769231 0.026442307692307692 0.030048076923076924
1 0.14302884615384615 0.03485576923076923 0.026442307692307692 0.036057692307692304
1 0.5276442307692307 0.35216346153846156 0.026442307692307692 0.036057692307692304
1 0.8509615384615384 0.359375 0.025240384615384616 0.03125
1 0.7980769230769231 0.36778846153846156 0.027644230769230768 0.07091346153846154
0 0.5108173076923077 0.375 0.027644230769230768 0.03245192307692308
0 0.29927884615384615 0.3918269230769231 0.02403846153846154 0.07692307692307693
1 0.7175480769230769 0.39663461538461536 0.028846153846153848 0.038461538461538464
0 0.4891826923076923 0.4074519230769231 0.036057692307692304 0.06009615384615385
1 0.9423076923076923 0.4230769230769231 0.036057692307692304 0.03125
1 0.21754807692307693 0.4230769230769231 0.026442307692307692 0.037259615384615384
1 0.8918269230769231 0.43149038461538464 0.030048076923076924 0.039663461538461536
1 0.1141826923076923 0.43149038461538464 0.025240384615384616 0.036057692307692304
0 0.2776442307692308 0.4338942307692308 0.038461538461538464 0.06490384615384616
1 0.5228365384615384 0.4362980769230769 0.026442307692307692 0.038461538461538464
1 0.7427884615384616 0.4495192307692308 0.03245192307692308 0.04807692307692308
0 0.328125 0.46634615384615385 0.036057692307692304 0.07572115384615384
0 0.8786057692307693 0.47115384615384615 0.03485576923076923 0.046875
0 0.25 0.49278846153846156 0.04567307692307692 0.040865384615384616
1 0.7956730769230769 0.5060096153846154 0.02403846153846154 0.03365384615384615
0 0.11658653846153846 0.5072115384615384 0.025240384615384616 0.03125
0 0.765625 0.5132211538461539 0.027644230769230768 0.08173076923076923
1 0.8221153846153846 0.515625 0.026442307692307692 0.052884615384615384
1 0.234375 0.5240384615384616 0.02403846153846154 0.03125
1 0.11298076923076923 0.5360576923076923 0.027644230769230768 0.03125
0 0.13701923076923078 0.5516826923076923 0.028846153846153848 0.04567307692307692
1 0.6790865384615384 0.5673076923076923 0.030048076923076924 0.04447115384615385
1 0.38100961538461536 0.5817307692307693 0.03125 0.03365384615384615
0 0.8569711538461539 0.5877403846153846 0.030048076923076924 0.056490384615384616
0 0.5637019230769231 0.5889423076923077 0.036057692307692304 0.06009615384615385
1 0.0985576923076923 0.59375 0.03125 0.05048076923076923
0 0.34134615384615385 0.06009615384615385 0.026442307692307692 0.038461538461538464
1 0.22235576923076922 0.6165865384615384 0.02283653846153846 0.038461538461538464
0 0.7788461538461539 0.6394230769230769 0.019230769230769232 0.056490384615384616
0 0.42788461538461536 0.06490384615384616 0.03125 0.04447115384615385
1 0.8401442307692307 0.6466346153846154 0.03485576923076923 0.039663461538461536
1 0.7512019230769231 0.6514423076923077 0.026442307692307692 0.040865384615384616
1 0.7199519230769231 0.6514423076923077 0.027644230769230768 0.038461538461538464
0 0.390625 0.6514423076923077 0.020432692307692308 0.042067307692307696
1 0.47475961538461536 0.6526442307692307 0.027644230769230768 0.039663461538461536
1 0.15264423076923078 0.6550480769230769 0.030048076923076924 0.051682692307692304
0 0.35216346153846156 0.6622596153846154 0.03245192307692308 0.052884615384615384
0 0.6538461538461539 0.6754807692307693 0.040865384615384616 0.057692307692307696
1 0.30408653846153844 0.06971153846153846 0.030048076923076924 0.04567307692307692
1 0.040865384615384616 0.6947115384615384 0.025240384615384616 0.038461538461538464
1 0.009615384615384616 0.6983173076923077 0.019230769230769232 0.046875
1 0.2764423076923077 0.6983173076923077 0.027644230769230768 0.04567307692307692
1 0.30408653846153844 0.7067307692307693 0.02403846153846154 0.039663461538461536
1 0.0985576923076923 0.7079326923076923 0.025240384615384616 0.040865384615384616
1 0.5769230769230769 0.71875 0.028846153846153848 0.038461538461538464
1 0.4110576923076923 0.7331730769230769 0.030048076923076924 0.03125
0 0.7283653846153846 0.734375 0.039663461538461536 0.0625
1 0.8293269230769231 0.7439903846153846 0.019230769230769232 0.026442307692307692
1 0.3894230769230769 0.7596153846153846 0.030048076923076924 0.03365384615384615
1 0.9459134615384616 0.765625 0.02403846153846154 0.036057692307692304
1 0.29927884615384615 0.7728365384615384 0.027644230769230768 0.0733173076923077
1 0.8617788461538461 0.7740384615384616 0.027644230769230768 0.03365384615384615
1 0.8317307692307693 0.7860576923076923 0.02403846153846154 0.03365384615384615
0 0.015625 0.7944711538461539 0.025240384615384616 0.055288461538461536
1 0.1814903846153846 0.8076923076923077 0.038461538461538464 0.06490384615384616
1 0.4375 0.8125 0.030048076923076924 0.037259615384615384
1 0.04447115384615385 0.8149038461538461 0.030048076923076924 0.06610576923076923
1 0.36778846153846156 0.8161057692307693 0.027644230769230768 0.037259615384615384
0 0.5360576923076923 0.8173076923076923 0.03245192307692308 0.06370192307692307
0 0.7427884615384616 0.8293269230769231 0.027644230769230768 0.040865384615384616
1 0.4855769230769231 0.8317307692307693 0.02283653846153846 0.03485576923076923
1 0.9471153846153846 0.8365384615384616 0.027644230769230768 0.03485576923076923
0 0.2932692307692308 0.8401442307692307 0.039663461538461536 0.055288461538461536
1 0.7259615384615384 0.8641826923076923 0.028846153846153848 0.04447115384615385
1 0.765625 0.8701923076923077 0.025240384615384616 0.046875
1 0.90625 0.8774038461538461 0.02283653846153846 0.038461538461538464
1 0.18389423076923078 0.9050480769230769 0.046875 0.052884615384615384
1 0.28966346153846156 0.9110576923076923 0.025240384615384616 0.03365384615384615
1 0.9206730769230769 0.9206730769230769 0.03245192307692308 0.036057692307692304
1 0.9627403846153846 0.9230769230769231 0.02283653846153846 0.03365384615384615
1 0.2668269230769231 0.09254807692307693 0.026442307692307692 0.052884615384615384
1 0.5925480769230769 0.9375 0.03125 0.04807692307692308
0 0.3641826923076923 0.9447115384615384 0.03365384615384615 0.06009615384615385
1 0.21995192307692307 0.9507211538461539 0.02403846153846154 0.03365384615384615