1 0.9819711538461539 0.09975961538461539 0.027644230769230768 0.040865384615384616
0 0.5877403846153846 0.15264423076923078 0.03125 0.04567307692307692
1 0.10336538461538461 0.15865384615384615 0.026442307692307692 0.04326923076923077
0 0.5685096153846154 0.16826923076923078 0.019230769230769232 0.026442307692307692
0 0.5805288461538461 0.18870192307692307 0.020432692307692308 0.020432692307692308
0 0.6382211538461539 0.22716346153846154 0.030048076923076924 0.040865384615384616
1 0.9158653846153846 0.23317307692307693 0.02283653846153846 0.03245192307692308
0 0.5120192307692307 0.23317307692307693 0.025240384615384616 0.06490384615384616
1 0.7355769230769231 0.265625 0.026442307692307692 0.039663461538461536
1 0.6634615384615384 0.027644230769230768 0.03245192307692308 0.039663461538461536
0 0.7704326923076923 0.2920673076923077 0.039663461538461536 0.051682692307692304
1 0.20793269230769232 0.2980769230769231 0.030048076923076924 0.038461538461538464
0 0.8569711538461539 0.3088942307692308 0.046875 0.038461538461538464
1 0.47596153846153844 0.31009615384615385 0.02403846153846154 0.030048076923076924
1 0.7115384615384616 0.03245192307692308 0.019230769230769232 0.025240384615384616
1 0.18028846153846154 0.328125 0.042067307692307696 0.04567307692307692
1 0.9543269230769231 0.3389423076923077 0.03245192307692308 0.037259615384615384
1 0.7512019230769231 0.35336538461538464 0.028846153846153848 0.03485576923076923
1 0.4182692307692308 0.3701923076923077 0.025240384615384616 0.03125
1 0.6622596153846154 0.40625 0.026442307692307692 0.040865384615384616
1 0.7896634615384616 0.4182692307692308 0.042067307692307696 0.04326923076923077
1 0.7139423076923077 0.4206730769230769 0.025240384615384616 0.036057692307692304
0 0.9627403846153846 0.421875 0.057692307692307696 0.04567307692307692
1 0.43028846153846156 0.4254807692307692 0.030048076923076924 0.03485576923076923
1 0.35697115384615385 0.4423076923076923 0.04807692307692308 0.039663461538461536
1 0.6346153846153846 0.44471153846153844 0.036057692307692304 0.04326923076923077
0 0.07572115384615384 0.4567307692307692 0.05048076923076923 0.04927884615384615
1 0.4855769230769231 0.4567307692307692 0.036057692307692304 0.04567307692307692
1 0.8112980769230769 0.046875 0.02283653846153846 0.03125
1 0.28966346153846156 0.4795673076923077 0.025240384615384616 0.036057692307692304
0 0.44711538461538464 0.4951923076923077 0.06370192307692307 0.036057692307692304
1 0.5060096153846154 0.515625 0.04326923076923077 0.03485576923076923
1 0.11057692307692307 0.5408653846153846 0.028846153846153848 0.040865384615384616
0 0.41225961538461536 0.5625 0.046875 0.04927884615384615
0 0.16346153846153846 0.056490384615384616 0.03485576923076923 0.054086538461538464
1 0.15625 0.5697115384615384 0.02403846153846154 0.038461538461538464
1 0.6682692307692307 0.5709134615384616 0.02283653846153846 0.036057692307692304
1 0.21634615384615385 0.057692307692307696 0.05048076923076923 0.040865384615384616
1 0.31490384615384615 0.6117788461538461 0.028846153846153848 0.027644230769230768
1 0.9819711538461539 0.6370192307692307 0.03245192307692308 0.04807692307692308
1 0.5012019230769231 0.640625 0.027644230769230768 0.040865384615384616
0 0.09975961538461539 0.6514423076923077 0.09495192307692307 0.0985576923076923
1 0.7524038461538461 0.7139423076923077 0.02403846153846154 0.026442307692307692
1 0.5997596153846154 0.7151442307692307 0.02403846153846154 0.036057692307692304
0 0.5084134615384616 0.7163461538461539 0.052884615384615384 0.08173076923076923
0 0.8076923076923077 0.7512019230769231 0.05048076923076923 0.026442307692307692
1 0.9723557692307693 0.7524038461538461 0.046875 0.040865384615384616
1 0.5985576923076923 0.7572115384615384 0.02403846153846154 0.03485576923076923
0 0.07451923076923077 0.7572115384615384 0.038461538461538464 0.051682692307692304
1 0.7524038461538461 0.8004807692307693 0.02283653846153846 0.03365384615384615
1 0.9290865384615384 0.8088942307692307 0.019230769230769232 0.026442307692307692
1 0.8569711538461539 0.08173076923076923 0.021634615384615384 0.051682692307692304
0 0.7271634615384616 0.8473557692307693 0.037259615384615384 0.06610576923076923
0 0.9579326923076923 0.8509615384615384 0.02283653846153846 0.027644230769230768
1 0.0889423076923077 0.08653846153846154 0.052884615384615384 0.0625
0 0.8509615384615384 0.8605769230769231 0.038461538461538464 0.027644230769230768
1 0.5504807692307693 0.8677884615384616 0.027644230769230768 0.04567307692307692
0 0.9891826923076923 0.8677884615384616 0.021634615384615384 0.03365384615384615
1 0.41225961538461536 0.8798076923076923 0.026442307692307692 0.037259615384615384
1 0.25721153846153844 0.8870192307692307 0.02283653846153846 0.03485576923076923
1 0.16346153846153846 0.9230769230769231 0.027644230769230768 0.04326923076923077
1 0.1310096153846154 0.9278846153846154 0.026442307692307692 0.057692307692307696
1 0.8665865384615384 0.9326923076923077 0.037259615384615384 0.042067307692307696
1 0.9495192307692307 0.9399038461538461 0.02283653846153846 0.03245192307692308
1 0.5552884615384616 0.9411057692307693 0.036057692307692304 0.04567307692307692
0 0.4110576923076923 0.9435096153846154 0.03125 0.078125
0 0.9230769230769231 0.9447115384615384 0.02283653846153846 0.042067307692307696
1 0.7848557692307693 0.9471153846153846 0.037259615384615384 0.04326923076923077
1 0.3713942307692308 0.9483173076923077 0.02403846153846154 0.036057692307692304
1 0.22716346153846154 0.9495192307692307 0.027644230769230768 0.038461538461538464