0 0.6862980769230769 0.9663461538461539 0.030048076923076924 0.04326923076923077
1 0.6213942307692307 0.9699519230769231 0.025240384615384616 0.042067307692307696
1 0.9759615384615384 0.0985576923076923 0.026442307692307692 0.046875
0 0.10817307692307693 0.10817307692307693 0.030048076923076924 0.06009615384615385
1 0.0673076923076923 0.1141826923076923 0.03125 0.027644230769230768
1 0.8677884615384616 0.1346153846153846 0.04927884615384615 0.07572115384615384
1 0.03245192307692308 0.1346153846153846 0.03125 0.036057692307692304
1 0.5685096153846154 0.171875 0.03125 0.03485576923076923
1 0.9735576923076923 0.18028846153846154 0.025240384615384616 0.040865384615384616
1 0.3581730769230769 0.1971153846153846 0.02403846153846154 0.03125
0 0.0733173076923077 0.21033653846153846 0.030048076923076924 0.037259615384615384
1 0.046875 0.21153846153846154 0.025240384615384616 0.055288461538461536
1 0.8425480769230769 0.22235576923076922 0.026442307692307692 0.039663461538461536
1 0.5336538461538461 0.22596153846153846 0.027644230769230768 0.038461538461538464
1 0.08533653846153846 0.25721153846153844 0.02283653846153846 0.037259615384615384
1 0.8798076923076923 0.25961538461538464 0.039663461538461536 0.06009615384615385
1 0.38341346153846156 0.26322115384615385 0.039663461538461536 0.08052884615384616
1 0.11057692307692307 0.265625 0.02403846153846154 0.06971153846153846
1 0.6983173076923077 0.2764423076923077 0.02403846153846154 0.036057692307692304
1 0.6105769230769231 0.28125 0.027644230769230768 0.05048076923076923
1 0.5576923076923077 0.28365384615384615 0.02283653846153846 0.028846153846153848
1 0.5264423076923077 0.2980769230769231 0.026442307692307692 0.04567307692307692
1 0.07091346153846154 0.30288461538461536 0.026442307692307692 0.036057692307692304
1 0.578125 0.03245192307692308 0.027644230769230768 0.036057692307692304
1 0.04567307692307692 0.03365384615384615 0.038461538461538464 0.06610576923076923
1 0.5805288461538461 0.33413461538461536 0.02283653846153846 0.040865384615384616
1 0.6478365384615384 0.33774038461538464 0.02403846153846154 0.040865384615384616
1 0.3293269230769231 0.3389423076923077 0.03125 0.05048076923076923
1 0.17427884615384615 0.34375 0.02283653846153846 0.036057692307692304
1 0.8413461538461539 0.3449519230769231 0.030048076923076924 0.04567307692307692
1 0.9663461538461539 0.34615384615384615 0.03245192307692308 0.0625
1 0.13701923076923078 0.036057692307692304 0.028846153846153848 0.038461538461538464
1 0.21394230769230768 0.37740384615384615 0.027644230769230768 0.036057692307692304
1 0.9254807692307693 0.38822115384615385 0.027644230769230768 0.037259615384615384
1 0.4879807692307692 0.38822115384615385 0.026442307692307692 0.036057692307692304
1 0.9459134615384616 0.40865384615384615 0.02283653846153846 0.04927884615384615
1 0.7103365384615384 0.4375 0.028846153846153848 0.04326923076923077
1 0.6790865384615384 0.43990384615384615 0.02403846153846154 0.038461538461538464
1 0.38461538461538464 0.4423076923076923 0.036057692307692304 0.036057692307692304
1 0.33052884615384615 0.45552884615384615 0.025240384615384616 0.051682692307692304
1 0.5673076923076923 0.4951923076923077 0.03245192307692308 0.04807692307692308
0 0.8064903846153846 0.5144230769230769 0.039663461538461536 0.078125
1 0.4639423076923077 0.5372596153846154 0.026442307692307692 0.03365384615384615
1 0.07091346153846154 0.5456730769230769 0.03125 0.036057692307692304
1 0.20432692307692307 0.5552884615384616 0.025240384615384616 0.036057692307692304
0 0.30408653846153844 0.5661057692307693 0.036057692307692304 0.0889423076923077
1 0.6069711538461539 0.5673076923076923 0.042067307692307696 0.037259615384615384
1 0.22115384615384615 0.5745192307692307 0.021634615384615384 0.030048076923076924
1 0.5324519230769231 0.5889423076923077 0.02283653846153846 0.04447115384615385
1 0.5709134615384616 0.5973557692307693 0.028846153846153848 0.038461538461538464
0 0.8737980769230769 0.6129807692307693 0.036057692307692304 0.04326923076923077
1 0.9495192307692307 0.6490384615384616 0.020432692307692308 0.038461538461538464
1 0.23557692307692307 0.6646634615384616 0.054086538461538464 0.03365384615384615
1 0.9927884615384616 0.6694711538461539 0.014423076923076924 0.03125
1 0.84375 0.6814903846153846 0.025240384615384616 0.03125
0 0.5576923076923077 0.6995192307692307 0.04326923076923077 0.04447115384615385
0 0.1658653846153846 0.7211538461538461 0.03245192307692308 0.06850961538461539
0 0.43509615384615385 0.7427884615384616 0.03485576923076923 0.06009615384615385
0 0.078125 0.07692307692307693 0.039663461538461536 0.030048076923076924
1 0.39783653846153844 0.7704326923076923 0.03245192307692308 0.042067307692307696
1 0.6045673076923077 0.7704326923076923 0.038461538461538464 0.039663461538461536
1 0.21995192307692307 0.7716346153846154 0.03125 0.036057692307692304
0 0.47115384615384615 0.7860576923076923 0.03485576923076923 0.054086538461538464
1 0.14783653846153846 0.8076923076923077 0.027644230769230768 0.039663461538461536
1 0.6826923076923077 0.8112980769230769 0.019230769230769232 0.028846153846153848
1 0.2692307692307692 0.8173076923076923 0.02403846153846154 0.037259615384615384
1 0.3762019230769231 0.8197115384615384 0.026442307692307692 0.038461538461538464
0 0.31971153846153844 0.8317307692307693 0.026442307692307692 0.042067307692307696
0 0.6646634615384616 0.8317307692307693 0.040865384615384616 0.036057692307692304
1 0.84375 0.8329326923076923 0.02283653846153846 0.03365384615384615
1 0.3125 0.8762019230769231 0.020432692307692308 0.040865384615384616
0 0.24278846153846154 0.8870192307692307 0.02403846153846154 0.03125
1 0.27403846153846156 0.0889423076923077 0.02403846153846154 0.036057692307692304
1 0.6971153846153846 0.9134615384615384 0.021634615384615384 0.040865384615384616
0 0.25841346153846156 0.9170673076923077 0.025240384615384616 0.040865384615384616
1 0.07451923076923077 0.9206730769230769 0.026442307692307692 0.04927884615384615
1 0.31009615384615385 0.921875 0.02403846153846154 0.039663461538461536
1 0.27884615384615385 0.9483173076923077 0.026442307692307692 0.03125
1 0.9627403846153846 0.9495192307692307 0.03365384615384615 0.04326923076923077