1 0.7824519230769231 0.9795673076923077 0.03125 0.040865384615384616
1 0.0625 0.9891826923076923 0.02403846153846154 0.021634615384615384
0 0.5528846153846154 0.10096153846153846 0.038461538461538464 0.036057692307692304
1 0.19230769230769232 0.10336538461538461 0.028846153846153848 0.040865384615384616
1 0.48677884615384615 0.10336538461538461 0.026442307692307692 0.042067307692307696
1 0.5961538461538461 0.11057692307692307 0.02403846153846154 0.06009615384615385
1 0.25721153846153844 0.11778846153846154 0.030048076923076924 0.036057692307692304
1 0.6322115384615384 0.12379807692307693 0.03125 0.04927884615384615
1 0.3088942307692308 0.12860576923076922 0.02283653846153846 0.03245192307692308
1 0.6899038461538461 0.17668269230769232 0.026442307692307692 0.03365384615384615
1 0.9038461538461539 0.17668269230769232 0.03245192307692308 0.04447115384615385
1 0.6225961538461539 0.19230769230769232 0.039663461538461536 0.039663461538461536
1 0.18629807692307693 0.1971153846153846 0.036057692307692304 0.04807692307692308
0 0.030048076923076924 0.20192307692307693 0.028846153846153848 0.046875
1 0.15144230769230768 0.20432692307692307 0.027644230769230768 0.0625
1 0.734375 0.2127403846153846 0.020432692307692308 0.037259615384615384
1 0.328125 0.021634615384615384 0.027644230769230768 0.038461538461538464
0 0.5120192307692307 0.23557692307692307 0.03245192307692308 0.04567307692307692
0 0.46153846153846156 0.23798076923076922 0.052884615384615384 0.054086538461538464
1 0.9507211538461539 0.24519230769230768 0.025240384615384616 0.027644230769230768
1 0.3088942307692308 0.26322115384615385 0.02403846153846154 0.036057692307692304
1 0.6634615384615384 0.2764423076923077 0.030048076923076924 0.03485576923076923
1 0.09134615384615384 0.2776442307692308 0.03125 0.04567307692307692
1 0.5192307692307693 0.2800480769230769 0.04326923076923077 0.04447115384615385
1 0.2860576923076923 0.28125 0.02403846153846154 0.04567307692307692
1 0.46634615384615385 0.28846153846153844 0.03245192307692308 0.036057692307692304
0 0.9206730769230769 0.3004807692307692 0.06490384615384616 0.04447115384615385
1 0.39663461538461536 0.3137019230769231 0.04927884615384615 0.054086538461538464
1 0.03485576923076923 0.3173076923076923 0.030048076923076924 0.039663461538461536
0 0.33774038461538464 0.31971153846153844 0.042067307692307696 0.04567307692307692
1 0.23798076923076922 0.3317307692307692 0.027644230769230768 0.038461538461538464
1 0.9471153846153846 0.03365384615384615 0.028846153846153848 0.03245192307692308
1 0.7956730769230769 0.33774038461538464 0.03365384615384615 0.025240384615384616
1 0.8894230769230769 0.3605769230769231 0.027644230769230768 0.021634615384615384
0 0.35096153846153844 0.3737980769230769 0.036057692307692304 0.039663461538461536
1 0.38100961538461536 0.38822115384615385 0.016826923076923076 0.025240384615384616
1 0.8858173076923077 0.3942307692307692 0.056490384615384616 0.038461538461538464
1 0.6814903846153846 0.39903846153846156 0.021634615384615384 0.040865384615384616
0 0.2548076923076923 0.40024038461538464 0.039663461538461536 0.055288461538461536
1 0.12620192307692307 0.42788461538461536 0.026442307692307692 0.03125
1 0.8810096153846154 0.04326923076923077 0.046875 0.04567307692307692
1 0.3245192307692308 0.4483173076923077 0.039663461538461536 0.038461538461538464
1 0.3629807692307692 0.453125 0.02283653846153846 0.042067307692307696
1 0.6586538461538461 0.46634615384615385 0.025240384615384616 0.03365384615384615
1 0.23317307692307693 0.47836538461538464 0.04567307692307692 0.04927884615384615
1 0.10216346153846154 0.4795673076923077 0.02403846153846154 0.03245192307692308
1 0.3173076923076923 0.4879807692307692 0.021634615384615384 0.02283653846153846
1 0.9915865384615384 0.5240384615384616 0.016826923076923076 0.036057692307692304
1 0.11538461538461539 0.5264423076923077 0.037259615384615384 0.040865384615384616
1 0.5108173076923077 0.5396634615384616 0.03245192307692308 0.0625
1 0.24158653846153846 0.5552884615384616 0.02283653846153846 0.026442307692307692
1 0.07211538461538461 0.5673076923076923 0.03485576923076923 0.046875
0 0.5300480769230769 0.5997596153846154 0.040865384615384616 0.078125
1 0.24879807692307693 0.6081730769230769 0.02283653846153846 0.03125
1 0.4879807692307692 0.6201923076923077 0.03125 0.042067307692307696
1 0.1201923076923077 0.6225961538461539 0.028846153846153848 0.03365384615384615
1 0.4026442307692308 0.625 0.027644230769230768 0.040865384615384616
0 0.6658653846153846 0.06370192307692307 0.07572115384615384 0.04447115384615385
1 0.4338942307692308 0.6442307692307693 0.027644230769230768 0.040865384615384616
1 0.7427884615384616 0.6658653846153846 0.026442307692307692 0.03125
1 0.1814903846153846 0.7067307692307693 0.036057692307692304 0.055288461538461536
1 0.11177884615384616 0.71875 0.02283653846153846 0.036057692307692304
1 0.40384615384615385 0.7596153846153846 0.020432692307692308 0.026442307692307692
1 0.8533653846153846 0.7728365384615384 0.030048076923076924 0.04326923076923077
0 0.4411057692307692 0.8149038461538461 0.03485576923076923 0.05048076923076923
1 0.40865384615384615 0.8221153846153846 0.02403846153846154 0.026442307692307692
0 0.703125 0.8245192307692307 0.04927884615384615 0.04807692307692308
1 0.9471153846153846 0.8317307692307693 0.02283653846153846 0.03365384615384615
1 0.9771634615384616 0.8317307692307693 0.02403846153846154 0.04326923076923077
1 0.8365384615384616 0.8389423076923077 0.04567307692307692 0.05048076923076923
1 0.7115384615384616 0.8665865384615384 0.02403846153846154 0.028846153846153848
0 0.7584134615384616 0.8689903846153846 0.037259615384615384 0.04567307692307692
1 0.6730769230769231 0.875 0.03125 0.037259615384615384
1 0.7019230769230769 0.8942307692307693 0.02283653846153846 0.030048076923076924
1 0.8882211538461539 0.90625 0.02403846153846154 0.036057692307692304
1 0.29447115384615385 0.9338942307692307 0.03125 0.03485576923076923