0 0.6550480769230769 0.11778846153846154 0.04326923076923077 0.030048076923076924
1 0.46634615384615385 0.1201923076923077 0.02283653846153846 0.036057692307692304
1 0.9459134615384616 0.14543269230769232 0.021634615384615384 0.027644230769230768
1 0.35216346153846156 0.1466346153846154 0.027644230769230768 0.04326923076923077
0 0.016826923076923076 0.016826923076923076 0.03245192307692308 0.03125
1 0.4110576923076923 0.21634615384615385 0.021634615384615384 0.03365384615384615
1 0.6322115384615384 0.21634615384615385 0.03365384615384615 0.03125
0 0.10697115384615384 0.24278846153846154 0.030048076923076924 0.042067307692307696
1 0.5576923076923077 0.25240384615384615 0.027644230769230768 0.03125
1 0.9567307692307693 0.2692307692307692 0.030048076923076924 0.036057692307692304
1 0.6646634615384616 0.27163461538461536 0.02283653846153846 0.030048076923076924
1 0.6947115384615384 0.28365384615384615 0.03245192307692308 0.03365384615384615
1 0.8004807692307693 0.29086538461538464 0.04567307692307692 0.040865384615384616
0 0.8425480769230769 0.030048076923076924 0.036057692307692304 0.05048076923076923
1 0.234375 0.30649038461538464 0.03125 0.038461538461538464
1 0.13341346153846154 0.31490384615384615 0.026442307692307692 0.03245192307692308
0 0.7271634615384616 0.3173076923076923 0.037259615384615384 0.03125
1 0.46153846153846156 0.03365384615384615 0.030048076923076924 0.039663461538461536
1 0.4699519230769231 0.35096153846153844 0.020432692307692308 0.026442307692307692
1 0.18389423076923078 0.36658653846153844 0.02283653846153846 0.03125
1 0.9411057692307693 0.36899038461538464 0.038461538461538464 0.036057692307692304
1 0.013221153846153846 0.39302884615384615 0.02403846153846154 0.08533653846153846
1 0.5540865384615384 0.39302884615384615 0.027644230769230768 0.03125
1 0.7836538461538461 0.41225961538461536 0.02283653846153846 0.036057692307692304
1 0.6201923076923077 0.43149038461538464 0.02283653846153846 0.030048076923076924
0 0.6646634615384616 0.44350961538461536 0.04567307692307692 0.037259615384615384
1 0.8149038461538461 0.46274038461538464 0.020432692307692308 0.030048076923076924
1 0.40865384615384615 0.4831730769230769 0.028846153846153848 0.04567307692307692
1 0.9182692307692307 0.4855769230769231 0.019230769230769232 0.03245192307692308
0 0.2824519230769231 0.49158653846153844 0.042067307692307696 0.0733173076923077
1 0.5492788461538461 0.4951923076923077 0.03245192307692308 0.038461538461538464
0 0.43028846153846156 0.5060096153846154 0.020432692307692308 0.04567307692307692
1 0.3389423076923077 0.5240384615384616 0.039663461538461536 0.05889423076923077
1 0.16826923076923078 0.5324519230769231 0.03485576923076923 0.036057692307692304
1 0.6814903846153846 0.5396634615384616 0.020432692307692308 0.04447115384615385
0 0.9495192307692307 0.5432692307692307 0.03365384615384615 0.052884615384615384
0 0.7596153846153846 0.5697115384615384 0.03125 0.06009615384615385
1 0.7980769230769231 0.5829326923076923 0.02403846153846154 0.04807692307692308
1 0.5456730769230769 0.6105769230769231 0.028846153846153848 0.040865384615384616
1 0.10336538461538461 0.6430288461538461 0.027644230769230768 0.040865384615384616
1 0.6129807692307693 0.6634615384615384 0.03485576923076923 0.040865384615384616
1 0.8713942307692307 0.6814903846153846 0.02403846153846154 0.03245192307692308
1 0.8485576923076923 0.6971153846153846 0.021634615384615384 0.03125
1 0.8341346153846154 0.7223557692307693 0.028846153846153848 0.042067307692307696
1 0.42908653846153844 0.7379807692307693 0.03245192307692308 0.05048076923076923
1 0.3161057692307692 0.75 0.03245192307692308 0.06009615384615385
1 0.8161057692307693 0.7524038461538461 0.02283653846153846 0.03245192307692308
1 0.5384615384615384 0.7836538461538461 0.026442307692307692 0.036057692307692304
0 0.12980769230769232 0.08052884615384616 0.04447115384615385 0.04927884615384615
1 0.34134615384615385 0.08173076923076923 0.025240384615384616 0.03365384615384615
1 0.19471153846153846 0.8257211538461539 0.02283653846153846 0.03125
1 0.5372596153846154 0.8269230769230769 0.026442307692307692 0.028846153846153848
1 0.6670673076923077 0.8461538461538461 0.021634615384615384 0.036057692307692304
0 0.5084134615384616 0.8557692307692307 0.019230769230769232 0.09134615384615384
1 0.9170673076923077 0.8713942307692307 0.021634615384615384 0.03365384615384615
1 0.5528846153846154 0.08774038461538461 0.039663461538461536 0.051682692307692304
0 0.5552884615384616 0.875 0.04326923076923077 0.06610576923076923
1 0.8762019230769231 0.8846153846153846 0.03365384615384615 0.052884615384615384
1 0.7944711538461539 0.8894230769230769 0.030048076923076924 0.036057692307692304
1 0.06850961538461539 0.9158653846153846 0.030048076923076924 0.040865384615384616
1 0.08533653846153846 0.9567307692307693 0.025240384615384616 0.03125