1 0.2403846153846154 0.9615384615384616 0.02283653846153846 0.037259615384615384
1 0.8737980769230769 0.9639423076923077 0.030048076923076924 0.028846153846153848
1 0.21754807692307693 0.9795673076923077 0.016826923076923076 0.037259615384615384
1 0.14423076923076922 0.11177884615384616 0.03125 0.07451923076923077
1 0.5264423076923077 0.11899038461538461 0.027644230769230768 0.038461538461538464
1 0.20673076923076922 0.12379807692307693 0.038461538461538464 0.036057692307692304
1 0.29086538461538464 0.01201923076923077 0.02403846153846154 0.02403846153846154
1 0.5060096153846154 0.15144230769230768 0.030048076923076924 0.036057692307692304
1 0.09615384615384616 0.15985576923076922 0.040865384615384616 0.04447115384615385
1 0.21995192307692307 0.17307692307692307 0.03485576923076923 0.036057692307692304
1 0.7415865384615384 0.18028846153846154 0.030048076923076924 0.06009615384615385
1 0.9266826923076923 0.019230769230769232 0.046875 0.03365384615384615
1 0.4879807692307692 0.18870192307692307 0.03245192307692308 0.05048076923076923
1 0.9807692307692307 0.019230769230769232 0.03245192307692308 0.038461538461538464
1 0.6923076923076923 0.203125 0.027644230769230768 0.05889423076923077
1 0.7331730769230769 0.25 0.027644230769230768 0.042067307692307696
1 0.7067307692307693 0.2608173076923077 0.020432692307692308 0.028846153846153848
1 0.08413461538461539 0.26802884615384615 0.02403846153846154 0.03485576923076923
1 0.5192307692307693 0.27524038461538464 0.04326923076923077 0.04326923076923077
1 0.05048076923076923 0.2980769230769231 0.026442307692307692 0.037259615384615384
1 0.5204326923076923 0.030048076923076924 0.030048076923076924 0.051682692307692304
1 0.9074519230769231 0.34134615384615385 0.042067307692307696 0.037259615384615384
0 0.7512019230769231 0.3557692307692308 0.052884615384615384 0.06610576923076923
0 0.4074519230769231 0.3605769230769231 0.039663461538461536 0.05048076923076923
1 0.9795673076923077 0.36538461538461536 0.02403846153846154 0.036057692307692304
0 0.4795673076923077 0.039663461538461536 0.039663461538461536 0.054086538461538464
1 0.03245192307692308 0.4050480769230769 0.028846153846153848 0.03365384615384615
1 0.9026442307692307 0.4170673076923077 0.02283653846153846 0.030048076923076924
1 0.2247596153846154 0.42427884615384615 0.03365384615384615 0.03365384615384615
1 0.453125 0.43028846153846156 0.04326923076923077 0.040865384615384616
0 0.14423076923076922 0.4375 0.057692307692307696 0.04927884615384615
1 0.6790865384615384 0.4519230769230769 0.03125 0.04927884615384615
1 0.9134615384615384 0.4543269230769231 0.037259615384615384 0.040865384615384616
1 0.6442307692307693 0.46033653846153844 0.030048076923076924 0.039663461538461536
1 0.28125 0.4675480769230769 0.027644230769230768 0.06009615384615385
0 0.20192307692307693 0.4735576923076923 0.030048076923076924 0.046875
1 0.671875 0.5048076923076923 0.03485576923076923 0.040865384615384616
0 0.8918269230769231 0.515625 0.051682692307692304 0.036057692307692304
0 0.9375 0.5216346153846154 0.026442307692307692 0.0625
1 0.1935096153846154 0.5252403846153846 0.02283653846153846 0.03125
1 0.8798076923076923 0.5336538461538461 0.019230769230769232 0.027644230769230768
0 0.23677884615384615 0.5360576923076923 0.039663461538461536 0.046875
1 0.16346153846153846 0.5637019230769231 0.021634615384615384 0.026442307692307692
1 0.6682692307692307 0.5709134615384616 0.027644230769230768 0.036057692307692304
1 0.33533653846153844 0.5721153846153846 0.027644230769230768 0.036057692307692304
1 0.11538461538461539 0.6009615384615384 0.036057692307692304 0.05048076923076923
1 0.23197115384615385 0.625 0.02403846153846154 0.04567307692307692
1 0.2091346153846154 0.6394230769230769 0.02403846153846154 0.036057692307692304
1 0.5300480769230769 0.6490384615384616 0.038461538461538464 0.036057692307692304
1 0.02283653846153846 0.6610576923076923 0.037259615384615384 0.054086538461538464
1 0.1466346153846154 0.6634615384615384 0.02283653846153846 0.037259615384615384
1 0.8918269230769231 0.6658653846153846 0.02403846153846154 0.03245192307692308
1 0.4375 0.6706730769230769 0.020432692307692308 0.028846153846153848
1 0.48677884615384615 0.703125 0.03245192307692308 0.039663461538461536
1 0.45552884615384615 0.7043269230769231 0.02283653846153846 0.036057692307692304
1 0.18389423076923078 0.7067307692307693 0.03125 0.057692307692307696
1 0.5432692307692307 0.7091346153846154 0.021634615384615384 0.026442307692307692
1 0.7355769230769231 0.7139423076923077 0.038461538461538464 0.037259615384615384
0 0.6141826923076923 0.7211538461538461 0.038461538461538464 0.0673076923076923
1 0.859375 0.7620192307692307 0.026442307692307692 0.038461538461538464
1 0.9026442307692307 0.7644230769230769 0.02283653846153846 0.04326923076923077
1 0.71875 0.7932692307692307 0.04447115384615385 0.036057692307692304
0 0.7764423076923077 0.8149038461538461 0.05889423076923077 0.06370192307692307
1 0.203125 0.8329326923076923 0.027644230769230768 0.04447115384615385
0 0.7427884615384616 0.8449519230769231 0.06009615384615385 0.04567307692307692
1 0.9759615384615384 0.8581730769230769 0.03485576923076923 0.05889423076923077
1 0.9362980769230769 0.8605769230769231 0.03485576923076923 0.056490384615384616
1 0.2608173076923077 0.8617788461538461 0.03125 0.036057692307692304
0 0.8557692307692307 0.8774038461538461 0.03485576923076923 0.056490384615384616
1 0.030048076923076924 0.8894230769230769 0.020432692307692308 0.03125
0 0.5733173076923077 0.9086538461538461 0.057692307692307696 0.039663461538461536
0 0.22716346153846154 0.9134615384615384 0.06009615384615385 0.03365384615384615
1 0.125 0.9278846153846154 0.021634615384615384 0.04447115384615385
1 0.1502403846153846 0.9278846153846154 0.02283653846153846 0.04447115384615385
1 0.6766826923076923 0.9399038461538461 0.03365384615384615 0.04927884615384615
1 0.06009615384615385 0.9579326923076923 0.026442307692307692 0.036057692307692304