1 0.41466346153846156 0.9771634615384616 0.026442307692307692 0.03125
1 0.59375 0.9879807692307693 0.026442307692307692 0.02403846153846154
1 0.29447115384615385 0.010817307692307692 0.026442307692307692 0.021634615384615384
1 0.036057692307692304 0.11899038461538461 0.030048076923076924 0.040865384615384616
1 0.8834134615384616 0.13581730769230768 0.046875 0.039663461538461536
0 0.5444711538461539 0.15384615384615385 0.042067307692307696 0.040865384615384616
1 0.7632211538461539 0.15504807692307693 0.020432692307692308 0.027644230769230768
0 0.1658653846153846 0.1971153846153846 0.042067307692307696 0.040865384615384616
1 0.8605769230769231 0.021634615384615384 0.036057692307692304 0.040865384615384616
1 0.41346153846153844 0.21153846153846154 0.026442307692307692 0.03365384615384615
0 0.7199519230769231 0.21634615384615385 0.03245192307692308 0.06971153846153846
1 0.29927884615384615 0.22115384615384615 0.03485576923076923 0.03365384615384615
1 0.6526442307692307 0.22235576923076922 0.020432692307692308 0.03365384615384615
1 0.8245192307692307 0.23076923076923078 0.027644230769230768 0.052884615384615384
1 0.06850961538461539 0.23557692307692307 0.039663461538461536 0.03485576923076923
1 0.6105769230769231 0.25240384615384615 0.021634615384615384 0.03125
1 0.24519230769230768 0.2536057692307692 0.026442307692307692 0.03125
1 0.15745192307692307 0.2776442307692308 0.020432692307692308 0.027644230769230768
1 0.4074519230769231 0.2824519230769231 0.036057692307692304 0.05048076923076923
1 0.578125 0.2932692307692308 0.036057692307692304 0.036057692307692304
1 0.5084134615384616 0.2956730769230769 0.036057692307692304 0.037259615384615384
1 0.057692307692307696 0.30408653846153844 0.027644230769230768 0.03125
1 0.5817307692307693 0.3317307692307692 0.02283653846153846 0.028846153846153848
0 0.46033653846153844 0.3329326923076923 0.046875 0.06009615384615385
1 0.19110576923076922 0.03365384615384615 0.02283653846153846 0.03485576923076923
1 0.21995192307692307 0.34375 0.026442307692307692 0.03125
1 0.6117788461538461 0.3581730769230769 0.02283653846153846 0.036057692307692304
1 0.5817307692307693 0.36177884615384615 0.020432692307692308 0.026442307692307692
1 0.6550480769230769 0.36778846153846156 0.038461538461538464 0.06009615384615385
1 0.6213942307692307 0.39302884615384615 0.026442307692307692 0.03245192307692308
1 0.078125 0.40625 0.02283653846153846 0.030048076923076924
1 0.24278846153846154 0.4074519230769231 0.02283653846153846 0.03485576923076923
1 0.484375 0.4182692307692308 0.036057692307692304 0.037259615384615384
0 0.046875 0.4230769230769231 0.030048076923076924 0.03125
0 0.9747596153846154 0.43509615384615385 0.036057692307692304 0.040865384615384616
1 0.8497596153846154 0.4387019230769231 0.036057692307692304 0.046875
1 0.3581730769230769 0.4423076923076923 0.02283653846153846 0.037259615384615384
1 0.10576923076923077 0.44350961538461536 0.02403846153846154 0.038461538461538464
1 0.5360576923076923 0.44591346153846156 0.02283653846153846 0.03125
1 0.9362980769230769 0.45072115384615385 0.026442307692307692 0.03125
0 0.051682692307692304 0.45913461538461536 0.036057692307692304 0.03365384615384615
1 0.7908653846153846 0.46153846153846156 0.020432692307692308 0.06009615384615385
1 0.6778846153846154 0.4651442307692308 0.030048076923076924 0.052884615384615384
0 0.7548076923076923 0.4675480769230769 0.03125 0.03245192307692308
1 0.9230769230769231 0.47475961538461536 0.02283653846153846 0.027644230769230768
1 0.7223557692307693 0.47716346153846156 0.028846153846153848 0.038461538461538464
1 0.8581730769230769 0.4951923076923077 0.02283653846153846 0.026442307692307692
0 0.9158653846153846 0.5060096153846154 0.03485576923076923 0.040865384615384616
0 0.21033653846153846 0.5108173076923077 0.04326923076923077 0.037259615384615384
0 0.028846153846153848 0.5144230769230769 0.038461538461538464 0.0733173076923077
1 0.7211538461538461 0.5192307692307693 0.03365384615384615 0.036057692307692304
0 0.8762019230769231 0.5276442307692307 0.028846153846153848 0.042067307692307696
1 0.6646634615384616 0.052884615384615384 0.02403846153846154 0.03365384615384615
1 0.8413461538461539 0.5348557692307693 0.02403846153846154 0.03125
1 0.9915865384615384 0.5721153846153846 0.016826923076923076 0.036057692307692304
1 0.12379807692307693 0.5841346153846154 0.040865384615384616 0.046875
1 0.07091346153846154 0.05889423076923077 0.04567307692307692 0.052884615384615384
1 0.8173076923076923 0.5865384615384616 0.028846153846153848 0.03125
1 0.26322115384615385 0.5913461538461539 0.02283653846153846 0.030048076923076924
0 0.9663461538461539 0.6153846153846154 0.03485576923076923 0.042067307692307696
1 0.5276442307692307 0.6346153846153846 0.04326923076923077 0.05048076923076923
1 0.11538461538461539 0.6514423076923077 0.02403846153846154 0.03125
1 0.9555288461538461 0.6538461538461539 0.02283653846153846 0.036057692307692304
1 0.44350961538461536 0.65625 0.02283653846153846 0.027644230769230768
1 0.8798076923076923 0.6658653846153846 0.036057692307692304 0.04447115384615385
0 0.5012019230769231 0.671875 0.039663461538461536 0.038461538461538464
1 0.625 0.6790865384615384 0.025240384615384616 0.036057692307692304
1 0.42788461538461536 0.6826923076923077 0.025240384615384616 0.026442307692307692
0 0.3245192307692308 0.06971153846153846 0.056490384615384616 0.056490384615384616
1 0.3233173076923077 0.6947115384615384 0.037259615384615384 0.036057692307692304
1 0.9879807692307693 0.7211538461538461 0.02403846153846154 0.03365384615384615
1 0.18269230769230768 0.7211538461538461 0.03125 0.04326923076923077
0 0.90625 0.7319711538461539 0.052884615384615384 0.0673076923076923
1 0.6754807692307693 0.7367788461538461 0.02283653846153846 0.03125
0 0.32572115384615385 0.7379807692307693 0.042067307692307696 0.04567307692307692
0 0.013221153846153846 0.7584134615384616 0.02283653846153846 0.054086538461538464
0 0.46274038461538464 0.7716346153846154 0.04326923076923077 0.055288461538461536
1 0.8798076923076923 0.7836538461538461 0.037259615384615384 0.055288461538461536
1 0.3641826923076923 0.8016826923076923 0.038461538461538464 0.04326923076923077
1 0.23677884615384615 0.8028846153846154 0.03125 0.039663461538461536
0 0.24158653846153846 0.08173076923076923 0.03485576923076923 0.052884615384615384
1 0.9194711538461539 0.8305288461538461 0.019230769230769232 0.026442307692307692
1 0.09495192307692307 0.84375 0.04326923076923077 0.05048076923076923
0 0.9387019230769231 0.8449519230769231 0.027644230769230768 0.039663461538461536
1 0.1935096153846154 0.8485576923076923 0.042067307692307696 0.04807692307692308
1 0.6153846153846154 0.8545673076923077 0.026442307692307692 0.03245192307692308
1 0.6971153846153846 0.8834134615384616 0.021634615384615384 0.03125
1 0.6057692307692307 0.9086538461538461 0.039663461538461536 0.04927884615384615
1 0.7199519230769231 0.9206730769230769 0.026442307692307692 0.03125
1 0.6442307692307693 0.9338942307692307 0.019230769230769232 0.030048076923076924
1 0.3701923076923077 0.9471153846153846 0.030048076923076924 0.05048076923076923
1 0.609375 0.09495192307692307 0.030048076923076924 0.04807692307692308
0 0.671875 0.9543269230769231 0.03485576923076923 0.036057692307692304