1 0.15625 0.9675480769230769 0.026442307692307692 0.036057692307692304
1 0.006009615384615385 0.96875 0.01201923076923077 0.036057692307692304
0 0.7620192307692307 0.9711538461538461 0.03125 0.056490384615384616
1 0.265625 0.9771634615384616 0.027644230769230768 0.04567307692307692
1 0.38341346153846156 0.09975961538461539 0.02403846153846154 0.03245192307692308
1 0.2283653846153846 0.010817307692307692 0.039663461538461536 0.021634615384615384
1 0.6574519230769231 0.1141826923076923 0.027644230769230768 0.040865384615384616
1 0.8317307692307693 0.01201923076923077 0.026442307692307692 0.02283653846153846
1 0.2536057692307692 0.13701923076923078 0.04927884615384615 0.03485576923076923
0 0.43990384615384615 0.14302884615384615 0.036057692307692304 0.055288461538461536
1 0.046875 0.014423076923076924 0.026442307692307692 0.028846153846153848
0 0.07572115384615384 0.18389423076923078 0.026442307692307692 0.057692307692307696
1 0.3605769230769231 0.19591346153846154 0.028846153846153848 0.04326923076923077
1 0.1346153846153846 0.20673076923076922 0.026442307692307692 0.036057692307692304
1 0.15985576923076922 0.21634615384615385 0.028846153846153848 0.040865384615384616
0 0.8581730769230769 0.21875 0.04807692307692308 0.07451923076923077
1 0.10817307692307693 0.24519230769230768 0.02283653846153846 0.03245192307692308
0 0.1971153846153846 0.25240384615384615 0.039663461538461536 0.04927884615384615
1 0.24158653846153846 0.25841346153846156 0.03485576923076923 0.05048076923076923
1 0.9134615384615384 0.27403846153846156 0.027644230769230768 0.038461538461538464
1 0.8834134615384616 0.27524038461538464 0.020432692307692308 0.03485576923076923
1 0.3798076923076923 0.28725961538461536 0.027644230769230768 0.051682692307692304
1 0.026442307692307692 0.2980769230769231 0.026442307692307692 0.03485576923076923
1 0.41586538461538464 0.30528846153846156 0.026442307692307692 0.040865384615384616
1 0.4050480769230769 0.03245192307692308 0.02283653846153846 0.03245192307692308
1 0.5673076923076923 0.34375 0.03485576923076923 0.03485576923076923
1 0.6586538461538461 0.34975961538461536 0.042067307692307696 0.05889423076923077
1 0.6009615384615384 0.35336538461538464 0.021634615384615384 0.03365384615384615
1 0.18028846153846154 0.3545673076923077 0.04447115384615385 0.040865384615384616
1 0.23076923076923078 0.3581730769230769 0.025240384615384616 0.036057692307692304
0 0.44350961538461536 0.3581730769230769 0.051682692307692304 0.05048076923076923
1 0.5096153846153846 0.36658653846153844 0.027644230769230768 0.05889423076923077
1 0.2980769230769231 0.37740384615384615 0.02403846153846154 0.040865384615384616
1 0.328125 0.37740384615384615 0.026442307692307692 0.04447115384615385
1 0.546875 0.3894230769230769 0.02403846153846154 0.03125
1 0.8858173076923077 0.390625 0.025240384615384616 0.039663461538461536
1 0.8269230769230769 0.4026442307692308 0.02403846153846154 0.030048076923076924
1 0.4879807692307692 0.4026442307692308 0.02283653846153846 0.055288461538461536
0 0.7764423076923077 0.4170673076923077 0.06850961538461539 0.0625
1 0.6826923076923077 0.4182692307692308 0.02283653846153846 0.03125
1 0.5997596153846154 0.43149038461538464 0.026442307692307692 0.03245192307692308
1 0.057692307692307696 0.45913461538461536 0.038461538461538464 0.042067307692307696
1 0.010817307692307692 0.4651442307692308 0.021634615384615384 0.03125
1 0.5276442307692307 0.4699519230769231 0.02403846153846154 0.03125
1 0.44591346153846156 0.04807692307692308 0.02403846153846154 0.03485576923076923
1 0.7848557692307693 0.04807692307692308 0.02403846153846154 0.030048076923076924
1 0.1622596153846154 0.052884615384615384 0.03125 0.040865384615384616
1 0.24278846153846154 0.5360576923076923 0.03125 0.037259615384615384
1 0.32091346153846156 0.5649038461538461 0.03245192307692308 0.05048076923076923
0 0.4110576923076923 0.5661057692307693 0.039663461538461536 0.036057692307692304
1 0.04447115384615385 0.5745192307692307 0.02403846153846154 0.03245192307692308
1 0.8737980769230769 0.5757211538461539 0.026442307692307692 0.038461538461538464
1 0.3786057692307692 0.6021634615384616 0.039663461538461536 0.057692307692307696
0 0.9735576923076923 0.6225961538461539 0.038461538461538464 0.04447115384615385
1 0.484375 0.6418269230769231 0.03245192307692308 0.052884615384615384
1 0.3112980769230769 0.6490384615384616 0.05048076923076923 0.06009615384615385
1 0.6694711538461539 0.6658653846153846 0.02403846153846154 0.036057692307692304
1 0.46875 0.6923076923076923 0.030048076923076924 0.040865384615384616
1 0.4254807692307692 0.7043269230769231 0.03125 0.03485576923076923
0 0.30288461538461536 0.7115384615384616 0.039663461538461536 0.036057692307692304
1 0.9711538461538461 0.734375 0.030048076923076924 0.036057692307692304
1 0.7632211538461539 0.7403846153846154 0.02403846153846154 0.03245192307692308
1 0.9855769230769231 0.7800480769230769 0.027644230769230768 0.03125
1 0.5408653846153846 0.7860576923076923 0.026442307692307692 0.040865384615384616
1 0.8786057692307693 0.07932692307692307 0.042067307692307696 0.046875
1 0.8401442307692307 0.7980769230769231 0.02403846153846154 0.03245192307692308
1 0.9399038461538461 0.8040865384615384 0.026442307692307692 0.03245192307692308
1 0.8725961538461539 0.8161057692307693 0.02403846153846154 0.03485576923076923
1 0.984375 0.8173076923076923 0.028846153846153848 0.036057692307692304
1 0.5757211538461539 0.8185096153846154 0.021634615384615384 0.03245192307692308
1 0.7487980769230769 0.08413461538461539 0.02403846153846154 0.03485576923076923
1 0.9435096153846154 0.8449519230769231 0.027644230769230768 0.037259615384615384
1 0.5132211538461539 0.8473557692307693 0.02403846153846154 0.030048076923076924
1 0.07091346153846154 0.8473557692307693 0.020432692307692308 0.037259615384615384
1 0.09495192307692307 0.8497596153846154 0.02283653846153846 0.03245192307692308
1 0.4675480769230769 0.8533653846153846 0.02403846153846154 0.028846153846153848
1 0.2860576923076923 0.8557692307692307 0.02283653846153846 0.036057692307692304
1 0.5048076923076923 0.8846153846153846 0.02283653846153846 0.03365384615384615
1 0.9603365384615384 0.8870192307692307 0.026442307692307692 0.03245192307692308
1 0.0889423076923077 0.8870192307692307 0.02403846153846154 0.03365384615384615
0 0.47115384615384615 0.890625 0.038461538461538464 0.036057692307692304
0 0.5829326923076923 0.8942307692307693 0.04447115384615385 0.037259615384615384
1 0.6346153846153846 0.8942307692307693 0.019230769230769232 0.03125
1 0.4411057692307692 0.8966346153846154 0.020432692307692308 0.028846153846153848
1 0.6201923076923077 0.09014423076923077 0.020432692307692308 0.028846153846153848
0 0.32091346153846156 0.09134615384615384 0.036057692307692304 0.040865384615384616
0 0.75 0.90625 0.03125 0.03485576923076923
1 0.6141826923076923 0.9134615384615384 0.02403846153846154 0.03125
1 0.46033653846153844 0.9206730769230769 0.02403846153846154 0.03245192307692308
0 0.4098557692307692 0.09254807692307693 0.03125 0.04447115384615385
1 0.12379807692307693 0.9278846153846154 0.019230769230769232 0.046875
1 0.5264423076923077 0.9447115384615384 0.027644230769230768 0.036057692307692304
1 0.22716346153846154 0.9603365384615384 0.02403846153846154 0.028846153846153848