1 0.08653846153846154 0.9699519230769231 0.03485576923076923 0.03125
1 0.21394230769230768 0.9831730769230769 0.026442307692307692 0.03245192307692308
1 0.34134615384615385 0.10576923076923077 0.025240384615384616 0.03365384615384615
1 0.5600961538461539 0.10697115384615384 0.036057692307692304 0.036057692307692304
1 0.5997596153846154 0.11778846153846154 0.026442307692307692 0.04447115384615385
0 0.953125 0.12139423076923077 0.046875 0.04567307692307692
1 0.6995192307692307 0.1310096153846154 0.020432692307692308 0.036057692307692304
1 0.5540865384615384 0.13822115384615385 0.021634615384615384 0.03125
1 0.01201923076923077 0.16947115384615385 0.02403846153846154 0.037259615384615384
1 0.22716346153846154 0.17668269230769232 0.03125 0.036057692307692304
1 0.9278846153846154 0.18028846153846154 0.037259615384615384 0.030048076923076924
1 0.6081730769230769 0.19230769230769232 0.02403846153846154 0.06370192307692307
1 0.8677884615384616 0.22235576923076922 0.027644230769230768 0.037259615384615384
1 0.65625 0.23076923076923078 0.03125 0.04927884615384615
1 0.7596153846153846 0.24519230769230768 0.03125 0.037259615384615384
1 0.12259615384615384 0.24519230769230768 0.028846153846153848 0.03365384615384615
1 0.546875 0.2536057692307692 0.03245192307692308 0.040865384615384616
1 0.6069711538461539 0.25600961538461536 0.04807692307692308 0.03365384615384615
1 0.7956730769230769 0.25721153846153844 0.021634615384615384 0.03125
1 0.8245192307692307 0.26802884615384615 0.019230769230769232 0.03245192307692308
1 0.9639423076923077 0.027644230769230768 0.02403846153846154 0.03125
1 0.18629807692307693 0.027644230769230768 0.027644230769230768 0.055288461538461536
1 0.26322115384615385 0.2800480769230769 0.030048076923076924 0.04927884615384615
1 0.9254807692307693 0.3088942307692308 0.040865384615384616 0.04447115384615385
1 0.5685096153846154 0.3317307692307692 0.039663461538461536 0.06490384615384616
1 0.15865384615384615 0.34134615384615385 0.036057692307692304 0.030048076923076924
1 0.36177884615384615 0.35096153846153844 0.02283653846153846 0.027644230769230768
1 0.1971153846153846 0.3581730769230769 0.03125 0.040865384615384616
1 0.7896634615384616 0.375 0.03245192307692308 0.03245192307692308
1 0.08533653846153846 0.038461538461538464 0.026442307692307692 0.03125
0 0.12379807692307693 0.3894230769230769 0.03125 0.06610576923076923
1 0.5252403846153846 0.40625 0.03245192307692308 0.04447115384615385
1 0.39663461538461536 0.4110576923076923 0.026442307692307692 0.040865384615384616
1 0.359375 0.41225961538461536 0.02403846153846154 0.04326923076923077
1 0.3245192307692308 0.41225961538461536 0.02403846153846154 0.042067307692307696
1 0.7824519230769231 0.421875 0.04567307692307692 0.039663461538461536
1 0.578125 0.4230769230769231 0.027644230769230768 0.039663461538461536
1 0.15144230769230768 0.42908653846153844 0.025240384615384616 0.03125
0 0.11658653846153846 0.04447115384615385 0.026442307692307692 0.04567307692307692
0 0.9423076923076923 0.44471153846153844 0.03365384615384615 0.038461538461538464
1 0.019230769230769232 0.4519230769230769 0.037259615384615384 0.037259615384615384
1 0.6670673076923077 0.4735576923076923 0.03245192307692308 0.038461538461538464
1 0.7067307692307693 0.5048076923076923 0.040865384615384616 0.040865384615384616
0 0.9639423076923077 0.5144230769230769 0.03365384615384615 0.039663461538461536
1 0.2620192307692308 0.5240384615384616 0.02403846153846154 0.039663461538461536
1 0.8269230769230769 0.5528846153846154 0.026442307692307692 0.03245192307692308
1 0.7860576923076923 0.5745192307692307 0.038461538461538464 0.038461538461538464
1 0.23076923076923078 0.5793269230769231 0.04927884615384615 0.04326923076923077
1 0.8762019230769231 0.5793269230769231 0.025240384615384616 0.03125
1 0.4579326923076923 0.5805288461538461 0.03485576923076923 0.039663461538461536
1 0.8557692307692307 0.5997596153846154 0.02283653846153846 0.03125
1 0.7235576923076923 0.6057692307692307 0.03485576923076923 0.037259615384615384
1 0.7548076923076923 0.6225961538461539 0.02283653846153846 0.036057692307692304
1 0.5204326923076923 0.625 0.039663461538461536 0.040865384615384616
1 0.18870192307692307 0.625 0.027644230769230768 0.04567307692307692
1 0.4050480769230769 0.6346153846153846 0.026442307692307692 0.030048076923076924
0 0.3786057692307692 0.6526442307692307 0.036057692307692304 0.026442307692307692
1 0.34375 0.06610576923076923 0.025240384615384616 0.027644230769230768
1 0.03245192307692308 0.6658653846153846 0.026442307692307692 0.05048076923076923
1 0.9855769230769231 0.6875 0.027644230769230768 0.03365384615384615
1 0.004807692307692308 0.06971153846153846 0.009615384615384616 0.036057692307692304
1 0.8882211538461539 0.7055288461538461 0.026442307692307692 0.040865384615384616
1 0.8665865384615384 0.7163461538461539 0.020432692307692308 0.02283653846153846
0 0.4026442307692308 0.71875 0.039663461538461536 0.06370192307692307
1 0.7151442307692307 0.7211538461538461 0.020432692307692308 0.026442307692307692
1 0.6274038461538461 0.7379807692307693 0.02403846153846154 0.028846153846153848
1 0.7055288461538461 0.7427884615384616 0.02283653846153846 0.03365384615384615
1 0.5384615384615384 0.7475961538461539 0.02403846153846154 0.036057692307692304
1 0.4266826923076923 0.7764423076923077 0.042067307692307696 0.03485576923076923
1 0.9074519230769231 0.7800480769230769 0.02403846153846154 0.030048076923076924
1 0.9771634615384616 0.7980769230769231 0.04447115384615385 0.03125
1 0.010817307692307692 0.8028846153846154 0.016826923076923076 0.05889423076923077
1 0.6298076923076923 0.8088942307692307 0.02403846153846154 0.03125
1 0.5432692307692307 0.8149038461538461 0.042067307692307696 0.05048076923076923
1 0.3918269230769231 0.8221153846153846 0.03125 0.03125
1 0.3389423076923077 0.8245192307692307 0.02403846153846154 0.03125
1 0.8112980769230769 0.8401442307692307 0.02403846153846154 0.03365384615384615
1 0.6802884615384616 0.8449519230769231 0.02283653846153846 0.042067307692307696
1 0.8449519230769231 0.8461538461538461 0.025240384615384616 0.03245192307692308
1 0.9519230769230769 0.8581730769230769 0.02403846153846154 0.030048076923076924
1 0.9771634615384616 0.8713942307692307 0.03245192307692308 0.03125
0 0.9254807692307693 0.890625 0.030048076923076924 0.039663461538461536
1 0.03125 0.90625 0.026442307692307692 0.036057692307692304
1 0.9807692307692307 0.9086538461538461 0.025240384615384616 0.036057692307692304
1 0.22716346153846154 0.09134615384615384 0.02403846153846154 0.039663461538461536
0 0.2932692307692308 0.9134615384615384 0.052884615384615384 0.05048076923076923
1 0.09735576923076923 0.9158653846153846 0.026442307692307692 0.040865384615384616
1 0.18870192307692307 0.9254807692307693 0.03365384615384615 0.038461538461538464
1 0.6141826923076923 0.9567307692307693 0.026442307692307692 0.030048076923076924