1 0.24759615384615385 0.96875 0.020432692307692308 0.03125
0 0.8137019230769231 0.9759615384615384 0.02283653846153846 0.039663461538461536
0 0.02283653846153846 0.9795673076923077 0.027644230769230768 0.037259615384615384
1 0.109375 0.9855769230769231 0.026442307692307692 0.027644230769230768
0 0.07572115384615384 0.9891826923076923 0.03125 0.021634615384615384
1 0.3737980769230769 0.10096153846153846 0.027644230769230768 0.03365384615384615
1 0.24519230769230768 0.10216346153846154 0.02403846153846154 0.03245192307692308
1 0.4230769230769231 0.1141826923076923 0.020432692307692308 0.036057692307692304
1 0.40024038461538464 0.12740384615384615 0.016826923076923076 0.026442307692307692
1 0.7992788461538461 0.13221153846153846 0.046875 0.05048076923076923
1 0.08653846153846154 0.15144230769230768 0.030048076923076924 0.04567307692307692
1 0.4567307692307692 0.16105769230769232 0.03245192307692308 0.03485576923076923
0 0.48677884615384615 0.17067307692307693 0.03485576923076923 0.040865384615384616
1 0.7884615384615384 0.17427884615384615 0.02283653846153846 0.03485576923076923
1 0.16346153846153846 0.18269230769230768 0.02283653846153846 0.027644230769230768
1 0.5697115384615384 0.19471153846153846 0.02403846153846154 0.026442307692307692
1 0.15745192307692307 0.21394230769230768 0.020432692307692308 0.02283653846153846
1 0.6923076923076923 0.2247596153846154 0.020432692307692308 0.028846153846153848
1 0.8834134615384616 0.234375 0.028846153846153848 0.04447115384615385
1 0.6947115384615384 0.26322115384615385 0.03125 0.040865384615384616
1 0.9122596153846154 0.2644230769230769 0.030048076923076924 0.03365384615384615
1 0.3269230769230769 0.28125 0.027644230769230768 0.036057692307692304
0 0.4026442307692308 0.030048076923076924 0.036057692307692304 0.028846153846153848
1 0.22596153846153846 0.29927884615384615 0.026442307692307692 0.03125
1 0.5709134615384616 0.3173076923076923 0.020432692307692308 0.026442307692307692
0 0.5396634615384616 0.32211538461538464 0.039663461538461536 0.052884615384615384
1 0.15264423076923078 0.3233173076923077 0.02283653846153846 0.046875
1 0.9038461538461539 0.40384615384615385 0.03365384615384615 0.039663461538461536
0 0.18629807692307693 0.42788461538461536 0.028846153846153848 0.04447115384615385
0 0.8461538461538461 0.4423076923076923 0.03245192307692308 0.04326923076923077
1 0.23317307692307693 0.4423076923076923 0.03125 0.037259615384615384
1 0.1935096153846154 0.4807692307692308 0.027644230769230768 0.036057692307692304
1 0.14903846153846154 0.49278846153846156 0.019230769230769232 0.026442307692307692
0 0.5372596153846154 0.5 0.036057692307692304 0.036057692307692304
0 0.5072115384615384 0.5120192307692307 0.03485576923076923 0.04326923076923077
1 0.3894230769230769 0.5216346153846154 0.03485576923076923 0.037259615384615384
1 0.03485576923076923 0.5228365384615384 0.027644230769230768 0.03485576923076923
1 0.10336538461538461 0.5300480769230769 0.020432692307692308 0.030048076923076924
1 0.6430288461538461 0.5300480769230769 0.030048076923076924 0.037259615384615384
1 0.23317307692307693 0.5408653846153846 0.027644230769230768 0.038461538461538464
1 0.27403846153846156 0.5432692307692307 0.02403846153846154 0.03245192307692308
1 0.10336538461538461 0.056490384615384616 0.025240384615384616 0.026442307692307692
1 0.15144230769230768 0.5745192307692307 0.027644230769230768 0.03245192307692308
1 0.5985576923076923 0.5913461538461539 0.025240384615384616 0.036057692307692304
1 0.4254807692307692 0.5949519230769231 0.042067307692307696 0.04326923076923077
1 0.6526442307692307 0.06129807692307692 0.027644230769230768 0.03365384615384615
0 0.41466346153846156 0.0625 0.039663461538461536 0.039663461538461536
0 0.5456730769230769 0.6213942307692307 0.02403846153846154 0.06490384615384616
1 0.7932692307692307 0.6213942307692307 0.021634615384615384 0.03125
1 0.8509615384615384 0.640625 0.05889423076923077 0.04326923076923077
1 0.4230769230769231 0.6478365384615384 0.026442307692307692 0.025240384615384616
0 0.49759615384615385 0.6538461538461539 0.039663461538461536 0.04567307692307692
1 0.3629807692307692 0.6658653846153846 0.03245192307692308 0.03125
1 0.037259615384615384 0.6682692307692307 0.03245192307692308 0.042067307692307696
0 0.4110576923076923 0.6694711538461539 0.03245192307692308 0.026442307692307692
0 0.6838942307692307 0.06971153846153846 0.039663461538461536 0.028846153846153848
1 0.43990384615384615 0.7223557692307693 0.03125 0.038461538461538464
1 0.17908653846153846 0.07451923076923077 0.038461538461538464 0.026442307692307692
1 0.765625 0.7596153846153846 0.027644230769230768 0.05048076923076923
0 0.8100961538461539 0.7788461538461539 0.028846153846153848 0.038461538461538464
1 0.65625 0.8028846153846154 0.03125 0.04807692307692308
1 0.13701923076923078 0.8028846153846154 0.028846153846153848 0.03125
1 0.9819711538461539 0.8209134615384616 0.036057692307692304 0.03485576923076923
1 0.8966346153846154 0.8329326923076923 0.036057692307692304 0.03485576923076923
1 0.10697115384615384 0.08413461538461539 0.020432692307692308 0.02283653846153846
1 0.44711538461538464 0.08533653846153846 0.02283653846153846 0.03125
1 0.27283653846153844 0.8557692307692307 0.015625 0.026442307692307692
1 0.1141826923076923 0.8605769230769231 0.026442307692307692 0.036057692307692304
0 0.24519230769230768 0.8641826923076923 0.038461538461538464 0.036057692307692304
0 0.9723557692307693 0.8725961538461539 0.046875 0.03125
1 0.5048076923076923 0.875 0.027644230769230768 0.04326923076923077
1 0.5300480769230769 0.8990384615384616 0.02283653846153846 0.03125
1 0.4254807692307692 0.9314903846153846 0.019230769230769232 0.042067307692307696
1 0.3269230769230769 0.9423076923076923 0.026442307692307692 0.04807692307692308
1 0.40865384615384615 0.9483173076923077 0.014423076923076924 0.025240384615384616