0 0.5024038461538461 0.9807692307692307 0.02403846153846154 0.038461538461538464
1 0.5637019230769231 0.9831730769230769 0.027644230769230768 0.03125
0 0.6983173076923077 0.14903846153846154 0.036057692307692304 0.052884615384615384
0 0.6442307692307693 0.18028846153846154 0.038461538461538464 0.04567307692307692
0 0.40625 0.1875 0.05048076923076923 0.036057692307692304
1 0.027644230769230768 0.2127403846153846 0.03485576923076923 0.042067307692307696
1 0.671875 0.21514423076923078 0.030048076923076924 0.038461538461538464
1 0.29447115384615385 0.21875 0.02403846153846154 0.028846153846153848
1 0.8185096153846154 0.25600961538461536 0.02403846153846154 0.03125
1 0.8485576923076923 0.2692307692307692 0.02283653846153846 0.03365384615384615
0 0.8966346153846154 0.2956730769230769 0.026442307692307692 0.0673076923076923
1 0.8413461538461539 0.296875 0.021634615384615384 0.03125
0 0.6862980769230769 0.31009615384615385 0.028846153846153848 0.08052884615384616
1 0.7403846153846154 0.3317307692307692 0.039663461538461536 0.040865384615384616
0 0.4879807692307692 0.3329326923076923 0.038461538461538464 0.04567307692307692
1 0.9675480769230769 0.34375 0.02283653846153846 0.03245192307692308
0 0.8365384615384616 0.35216346153846156 0.037259615384615384 0.03245192307692308
1 0.3918269230769231 0.037259615384615384 0.020432692307692308 0.03125
1 0.3016826923076923 0.38461538461538464 0.019230769230769232 0.037259615384615384
0 0.4807692307692308 0.41466346153846156 0.03485576923076923 0.05048076923076923
1 0.9026442307692307 0.43509615384615385 0.026442307692307692 0.040865384615384616
1 0.16706730769230768 0.4519230769230769 0.021634615384615384 0.03125
1 0.5576923076923077 0.453125 0.025240384615384616 0.036057692307692304
1 0.8557692307692307 0.4987980769230769 0.027644230769230768 0.03365384615384615
0 0.05048076923076923 0.5456730769230769 0.040865384615384616 0.054086538461538464
1 0.01201923076923077 0.546875 0.013221153846153846 0.02403846153846154
1 0.24879807692307693 0.5576923076923077 0.028846153846153848 0.03485576923076923
1 0.5276442307692307 0.5841346153846154 0.026442307692307692 0.028846153846153848
0 0.9819711538461539 0.6081730769230769 0.025240384615384616 0.039663461538461536
0 0.8125 0.6165865384615384 0.020432692307692308 0.052884615384615384
1 0.8365384615384616 0.6225961538461539 0.03125 0.04326923076923077
1 0.9110576923076923 0.6394230769230769 0.036057692307692304 0.046875
1 0.875 0.6550480769230769 0.02283653846153846 0.03125
1 0.23076923076923078 0.6911057692307693 0.028846153846153848 0.040865384615384616
0 0.5264423076923077 0.7091346153846154 0.042067307692307696 0.03245192307692308
1 0.014423076923076924 0.07211538461538461 0.019230769230769232 0.021634615384615384
1 0.8149038461538461 0.7391826923076923 0.020432692307692308 0.030048076923076924
1 0.9795673076923077 0.7788461538461539 0.02403846153846154 0.03365384615384615
1 0.15865384615384615 0.8185096153846154 0.02403846153846154 0.03485576923076923
1 0.47475961538461536 0.0829326923076923 0.03125 0.040865384615384616
0 0.9146634615384616 0.8485576923076923 0.03245192307692308 0.028846153846153848
0 0.49158653846153844 0.8497596153846154 0.039663461538461536 0.06129807692307692
1 0.06370192307692307 0.8653846153846154 0.04447115384615385 0.07692307692307693
1 0.7836538461538461 0.8798076923076923 0.038461538461538464 0.06971153846153846
1 0.2644230769230769 0.9122596153846154 0.025240384615384616 0.038461538461538464
1 0.9891826923076923 0.9254807692307693 0.021634615384615384 0.028846153846153848
0 0.027644230769230768 0.9278846153846154 0.027644230769230768 0.03125