1 0.6358173076923077 0.9795673076923077 0.036057692307692304 0.040865384615384616
0 0.8557692307692307 0.11298076923076923 0.03245192307692308 0.036057692307692304
1 0.8052884615384616 0.013221153846153846 0.02283653846153846 0.025240384615384616
1 0.7463942307692307 0.17908653846153846 0.027644230769230768 0.040865384615384616
1 0.953125 0.2283653846153846 0.028846153846153848 0.04447115384615385
1 0.25961538461538464 0.23197115384615385 0.02283653846153846 0.03125
1 0.5877403846153846 0.23557692307692307 0.03245192307692308 0.06370192307692307
0 0.9086538461538461 0.24278846153846154 0.016826923076923076 0.026442307692307692
1 0.9831730769230769 0.24759615384615385 0.025240384615384616 0.038461538461538464
1 0.38221153846153844 0.26322115384615385 0.020432692307692308 0.03125
0 0.32572115384615385 0.27283653846153844 0.020432692307692308 0.036057692307692304
1 0.6826923076923077 0.028846153846153848 0.02403846153846154 0.03485576923076923
1 0.7536057692307693 0.29447115384615385 0.030048076923076924 0.051682692307692304
1 0.4639423076923077 0.296875 0.036057692307692304 0.040865384615384616
0 0.9254807692307693 0.3389423076923077 0.03245192307692308 0.055288461538461536
1 0.07932692307692307 0.3389423076923077 0.026442307692307692 0.03245192307692308
1 0.6298076923076923 0.3449519230769231 0.030048076923076924 0.03125
1 0.9723557692307693 0.3629807692307692 0.03365384615384615 0.040865384615384616
0 0.9014423076923077 0.037259615384615384 0.026442307692307692 0.046875
1 0.9903846153846154 0.037259615384615384 0.019230769230769232 0.042067307692307696
1 0.8978365384615384 0.37740384615384615 0.02403846153846154 0.039663461538461536
1 0.2608173076923077 0.4170673076923077 0.026442307692307692 0.036057692307692304
1 0.2848557692307692 0.4266826923076923 0.020432692307692308 0.03485576923076923
1 0.6177884615384616 0.4326923076923077 0.025240384615384616 0.02403846153846154
1 0.18389423076923078 0.4423076923076923 0.016826923076923076 0.020432692307692308
1 0.7415865384615384 0.44350961538461536 0.03485576923076923 0.055288461538461536
1 0.9891826923076923 0.4495192307692308 0.020432692307692308 0.026442307692307692
1 0.6033653846153846 0.45913461538461536 0.02403846153846154 0.036057692307692304
0 0.20432692307692307 0.46153846153846156 0.020432692307692308 0.026442307692307692
1 0.24759615384615385 0.47716346153846156 0.02283653846153846 0.03125
1 0.33413461538461536 0.5120192307692307 0.02283653846153846 0.036057692307692304
1 0.37259615384615385 0.515625 0.030048076923076924 0.09014423076923077
1 0.014423076923076924 0.5168269230769231 0.025240384615384616 0.038461538461538464
1 0.4879807692307692 0.5228365384615384 0.027644230769230768 0.036057692307692304
0 0.0625 0.5276442307692307 0.026442307692307692 0.037259615384615384
1 0.71875 0.53125 0.021634615384615384 0.021634615384615384
0 0.7908653846153846 0.5552884615384616 0.03365384615384615 0.054086538461538464
1 0.37740384615384615 0.578125 0.020432692307692308 0.027644230769230768
1 0.8173076923076923 0.5853365384615384 0.02403846153846154 0.04326923076923077
0 0.07692307692307693 0.5865384615384616 0.03245192307692308 0.0625
1 0.04447115384615385 0.59375 0.027644230769230768 0.040865384615384616
1 0.7848557692307693 0.06009615384615385 0.027644230769230768 0.054086538461538464
1 0.6971153846153846 0.6153846153846154 0.02403846153846154 0.03365384615384615
1 0.4098557692307692 0.6177884615384616 0.020432692307692308 0.03125
1 0.4375 0.6225961538461539 0.026442307692307692 0.03125
1 0.1045673076923077 0.6466346153846154 0.026442307692307692 0.03365384615384615
1 0.2620192307692308 0.6502403846153846 0.02403846153846154 0.052884615384615384
0 0.7331730769230769 0.6610576923076923 0.03125 0.04567307692307692
1 0.8497596153846154 0.6634615384615384 0.026442307692307692 0.03485576923076923
1 0.28966346153846156 0.6658653846153846 0.026442307692307692 0.03245192307692308
1 0.12379807692307693 0.7151442307692307 0.021634615384615384 0.055288461538461536
0 0.08653846153846154 0.7295673076923077 0.036057692307692304 0.055288461538461536
1 0.4423076923076923 0.7536057692307693 0.020432692307692308 0.046875
0 0.7896634615384616 0.8028846153846154 0.030048076923076924 0.04567307692307692
1 0.7644230769230769 0.8100961538461539 0.02283653846153846 0.042067307692307696
1 0.7451923076923077 0.875 0.02403846153846154 0.036057692307692304
1 0.4723557692307692 0.8762019230769231 0.025240384615384616 0.030048076923076924
1 0.8653846153846154 0.9014423076923077 0.04927884615384615 0.040865384615384616
1 0.9699519230769231 0.9098557692307693 0.03245192307692308 0.040865384615384616