1 0.2776442307692308 0.9651442307692307 0.027644230769230768 0.040865384615384616
1 0.11057692307692307 0.01201923076923077 0.028846153846153848 0.02403846153846154
1 0.5576923076923077 0.014423076923076924 0.027644230769230768 0.028846153846153848
0 0.7764423076923077 0.17067307692307693 0.02403846153846154 0.08173076923076923
1 0.375 0.20673076923076922 0.03245192307692308 0.056490384615384616
1 0.18870192307692307 0.2644230769230769 0.02403846153846154 0.027644230769230768
1 0.6754807692307693 0.27403846153846156 0.03245192307692308 0.039663461538461536
1 0.25841346153846156 0.27884615384615385 0.020432692307692308 0.030048076923076924
1 0.15144230769230768 0.28125 0.02403846153846154 0.03485576923076923
0 0.03485576923076923 0.2824519230769231 0.06009615384615385 0.06009615384615385
1 0.48677884615384615 0.3137019230769231 0.027644230769230768 0.03365384615384615
1 0.35096153846153844 0.3605769230769231 0.020432692307692308 0.028846153846153848
1 0.027644230769230768 0.3701923076923077 0.028846153846153848 0.054086538461538464
0 0.5408653846153846 0.3870192307692308 0.039663461538461536 0.046875
1 0.6502403846153846 0.41346153846153844 0.020432692307692308 0.05048076923076923
0 0.5997596153846154 0.4375 0.036057692307692304 0.0625
1 0.7836538461538461 0.04567307692307692 0.030048076923076924 0.052884615384615384
1 0.8774038461538461 0.46634615384615385 0.02283653846153846 0.05048076923076923
0 0.7223557692307693 0.4963942307692308 0.036057692307692304 0.04927884615384615
1 0.09134615384615384 0.5168269230769231 0.026442307692307692 0.036057692307692304
1 0.7560096153846154 0.53125 0.020432692307692308 0.04567307692307692
1 0.78125 0.5540865384615384 0.027644230769230768 0.040865384615384616
1 0.06490384615384616 0.5576923076923077 0.02403846153846154 0.03125
0 0.2644230769230769 0.5769230769230769 0.036057692307692304 0.04567307692307692
1 0.9795673076923077 0.5877403846153846 0.036057692307692304 0.05048076923076923
1 0.03365384615384615 0.6586538461538461 0.028846153846153848 0.03365384615384615
1 0.5913461538461539 0.6670673076923077 0.039663461538461536 0.04807692307692308
0 0.8173076923076923 0.6923076923076923 0.03125 0.046875
1 0.10216346153846154 0.06971153846153846 0.02403846153846154 0.03485576923076923
1 0.15504807692307693 0.7391826923076923 0.02283653846153846 0.040865384615384616
0 0.9098557692307693 0.07451923076923077 0.021634615384615384 0.03125
1 0.6466346153846154 0.7740384615384616 0.03365384615384615 0.06490384615384616
1 0.27884615384615385 0.7920673076923077 0.02283653846153846 0.036057692307692304
1 0.578125 0.7956730769230769 0.026442307692307692 0.037259615384615384
1 0.7487980769230769 0.7980769230769231 0.02283653846153846 0.03245192307692308
1 0.8653846153846154 0.8040865384615384 0.026442307692307692 0.03365384615384615
1 0.04807692307692308 0.08173076923076923 0.02283653846153846 0.046875
1 0.2620192307692308 0.8341346153846154 0.026442307692307692 0.03245192307692308
1 0.016826923076923076 0.8677884615384616 0.03245192307692308 0.05048076923076923
1 0.3389423076923077 0.8822115384615384 0.02403846153846154 0.040865384615384616
1 0.04807692307692308 0.8834134615384616 0.026442307692307692 0.04447115384615385
1 0.7307692307692307 0.8882211538461539 0.02403846153846154 0.038461538461538464
1 0.5745192307692307 0.9086538461538461 0.046875 0.03245192307692308
1 0.7163461538461539 0.09134615384615384 0.02283653846153846 0.040865384615384616
1 0.078125 0.9134615384615384 0.025240384615384616 0.038461538461538464
1 0.65625 0.9495192307692307 0.02403846153846154 0.03245192307692308
1 0.3112980769230769 0.9555288461538461 0.019230769230769232 0.03125