1 0.2932692307692308 0.9735576923076923 0.027644230769230768 0.04447115384615385
1 0.5540865384615384 0.984375 0.039663461538461536 0.03125
1 0.9411057692307693 0.9891826923076923 0.025240384615384616 0.020432692307692308
1 0.5961538461538461 0.10817307692307693 0.06009615384615385 0.04447115384615385
1 0.7151442307692307 0.11298076923076923 0.030048076923076924 0.026442307692307692
1 0.31971153846153844 0.11658653846153846 0.038461538461538464 0.042067307692307696
1 0.4879807692307692 0.12740384615384615 0.03125 0.04807692307692308
0 0.16826923076923078 0.13822115384615385 0.039663461538461536 0.03485576923076923
1 0.23197115384615385 0.14302884615384615 0.02403846153846154 0.04326923076923077
1 0.7295673076923077 0.1466346153846154 0.02403846153846154 0.036057692307692304
1 0.8762019230769231 0.15745192307692307 0.03365384615384615 0.08413461538461539
0 0.16706730769230768 0.1658653846153846 0.052884615384615384 0.02403846153846154
1 0.44711538461538464 0.16826923076923078 0.03245192307692308 0.055288461538461536
0 0.59375 0.16826923076923078 0.055288461538461536 0.039663461538461536
1 0.9495192307692307 0.17307692307692307 0.03125 0.03125
1 0.1045673076923077 0.17908653846153846 0.03485576923076923 0.036057692307692304
1 0.33533653846153844 0.18028846153846154 0.03125 0.052884615384615384
1 0.046875 0.1875 0.03125 0.042067307692307696
1 0.15985576923076922 0.19471153846153846 0.02403846153846154 0.027644230769230768
1 0.8473557692307693 0.21514423076923078 0.02403846153846154 0.03245192307692308
1 0.9182692307692307 0.22355769230769232 0.027644230769230768 0.03245192307692308
1 0.23677884615384615 0.2403846153846154 0.039663461538461536 0.04447115384615385
1 0.2764423076923077 0.025240384615384616 0.037259615384615384 0.05048076923076923
1 0.953125 0.25721153846153844 0.03485576923076923 0.02403846153846154
0 0.8858173076923077 0.26322115384615385 0.03245192307692308 0.04326923076923077
0 0.8485576923076923 0.2644230769230769 0.03485576923076923 0.0625
1 0.27283653846153844 0.2764423076923077 0.027644230769230768 0.026442307692307692
1 0.3401442307692308 0.2764423076923077 0.04326923076923077 0.027644230769230768
1 0.21754807692307693 0.2764423076923077 0.025240384615384616 0.03125
0 0.5564903846153846 0.2932692307692308 0.039663461538461536 0.055288461538461536
1 0.7992788461538461 0.2980769230769231 0.038461538461538464 0.056490384615384616
1 0.3641826923076923 0.2980769230769231 0.026442307692307692 0.02283653846153846
1 0.054086538461538464 0.29927884615384615 0.03245192307692308 0.03365384615384615
1 0.30288461538461536 0.3016826923076923 0.06370192307692307 0.02403846153846154
1 0.8966346153846154 0.30649038461538464 0.02403846153846154 0.027644230769230768
1 0.5168269230769231 0.31009615384615385 0.03125 0.036057692307692304
0 0.9759615384615384 0.31971153846153844 0.04326923076923077 0.056490384615384616
1 0.8762019230769231 0.3233173076923077 0.026442307692307692 0.03485576923076923
1 0.5324519230769231 0.3425480769230769 0.020432692307692308 0.036057692307692304
0 0.37259615384615385 0.36658653846153844 0.054086538461538464 0.04567307692307692
1 0.04927884615384615 0.36778846153846156 0.030048076923076924 0.042067307692307696
0 0.42908653846153844 0.3701923076923077 0.039663461538461536 0.05048076923076923
1 0.4951923076923077 0.38461538461538464 0.03245192307692308 0.030048076923076924
1 0.59375 0.3954326923076923 0.021634615384615384 0.036057692307692304
1 0.08653846153846154 0.40024038461538464 0.021634615384615384 0.028846153846153848
1 0.006009615384615385 0.40024038461538464 0.01201923076923077 0.036057692307692304
1 0.13701923076923078 0.4026442307692308 0.03245192307692308 0.04326923076923077
1 0.6418269230769231 0.4110576923076923 0.02283653846153846 0.037259615384615384
0 0.8701923076923077 0.4170673076923077 0.04927884615384615 0.07451923076923077
1 0.8016826923076923 0.4182692307692308 0.026442307692307692 0.046875
1 0.6850961538461539 0.42908653846153844 0.036057692307692304 0.052884615384615384
0 0.42427884615384615 0.43028846153846156 0.02403846153846154 0.03485576923076923
1 0.6778846153846154 0.04447115384615385 0.04567307692307692 0.038461538461538464
1 0.3954326923076923 0.04447115384615385 0.057692307692307696 0.04447115384615385
1 0.1346153846153846 0.4423076923076923 0.02283653846153846 0.03365384615384615
1 0.6502403846153846 0.4567307692307692 0.02283653846153846 0.03245192307692308
1 0.5252403846153846 0.46033653846153844 0.04326923076923077 0.037259615384615384
1 0.28125 0.4639423076923077 0.027644230769230768 0.037259615384615384
0 0.44350961538461536 0.46875 0.03245192307692308 0.03245192307692308
0 0.22716346153846154 0.4735576923076923 0.030048076923076924 0.04447115384615385
0 0.013221153846153846 0.4891826923076923 0.026442307692307692 0.036057692307692304
1 0.30408653846153844 0.49278846153846156 0.030048076923076924 0.04447115384615385
0 0.6466346153846154 0.5072115384615384 0.027644230769230768 0.040865384615384616
0 0.43028846153846156 0.5096153846153846 0.04567307692307692 0.04927884615384615
0 0.5997596153846154 0.05048076923076923 0.039663461538461536 0.055288461538461536
0 0.5637019230769231 0.5348557692307693 0.046875 0.09615384615384616
1 0.8221153846153846 0.5360576923076923 0.038461538461538464 0.04567307692307692
1 0.6730769230769231 0.5480769230769231 0.027644230769230768 0.040865384615384616
1 0.8713942307692307 0.5528846153846154 0.020432692307692308 0.03125
0 0.055288461538461536 0.5564903846153846 0.03125 0.06129807692307692
1 0.8894230769230769 0.5685096153846154 0.026442307692307692 0.057692307692307696
0 0.6201923076923077 0.5793269230769231 0.02403846153846154 0.06009615384615385
1 0.47836538461538464 0.6021634615384616 0.03365384615384615 0.04326923076923077
0 0.9254807692307693 0.6081730769230769 0.057692307692307696 0.03125
1 0.7127403846153846 0.6129807692307693 0.03485576923076923 0.055288461538461536
1 0.5600961538461539 0.0625 0.037259615384615384 0.04927884615384615
0 0.7800480769230769 0.6153846153846154 0.039663461538461536 0.057692307692307696
0 0.7487980769230769 0.6502403846153846 0.03485576923076923 0.037259615384615384
1 0.15985576923076922 0.6514423076923077 0.04927884615384615 0.06370192307692307
1 0.5048076923076923 0.6526442307692307 0.039663461538461536 0.05048076923076923
0 0.22716346153846154 0.65625 0.056490384615384616 0.04927884615384615
1 0.014423076923076924 0.6682692307692307 0.028846153846153848 0.039663461538461536
1 0.3557692307692308 0.6850961538461539 0.03245192307692308 0.04326923076923077
0 0.6862980769230769 0.6995192307692307 0.02403846153846154 0.05048076923076923
0 0.8485576923076923 0.703125 0.040865384615384616 0.04567307692307692
1 0.27163461538461536 0.7103365384615384 0.03365384615384615 0.055288461538461536
1 0.40384615384615385 0.7139423076923077 0.038461538461538464 0.04807692307692308
0 0.3076923076923077 0.07211538461538461 0.038461538461538464 0.03365384615384615
1 0.9759615384615384 0.7512019230769231 0.027644230769230768 0.04326923076923077
0 0.8521634615384616 0.7560096153846154 0.039663461538461536 0.054086538461538464
1 0.42788461538461536 0.7560096153846154 0.028846153846153848 0.03245192307692308
0 0.0829326923076923 0.7704326923076923 0.04567307692307692 0.04807692307692308
1 0.10697115384615384 0.078125 0.054086538461538464 0.04447115384615385
0 0.03125 0.7860576923076923 0.042067307692307696 0.08413461538461539
0 0.14783653846153846 0.7896634615384616 0.027644230769230768 0.039663461538461536
0 0.11778846153846154 0.7908653846153846 0.026442307692307692 0.055288461538461536
1 0.4891826923076923 0.8004807692307693 0.039663461538461536 0.04807692307692308
1 0.8858173076923077 0.8040865384615384 0.038461538461538464 0.04326923076923077
1 0.9495192307692307 0.8137019230769231 0.027644230769230768 0.04326923076923077
0 0.7932692307692307 0.8269230769230769 0.037259615384615384 0.026442307692307692
0 0.21394230769230768 0.8293269230769231 0.05048076923076923 0.05048076923076923
1 0.03125 0.8509615384615384 0.02403846153846154 0.040865384615384616
1 0.7307692307692307 0.8581730769230769 0.018028846153846152 0.028846153846153848
1 0.7920673076923077 0.8617788461538461 0.02403846153846154 0.03125
1 0.6189903846153846 0.8629807692307693 0.03125 0.04807692307692308
0 0.6971153846153846 0.8629807692307693 0.02403846153846154 0.08653846153846154
1 0.6682692307692307 0.8798076923076923 0.027644230769230768 0.04927884615384615
1 0.9723557692307693 0.9026442307692307 0.04567307692307692 0.040865384615384616
1 0.8858173076923077 0.9086538461538461 0.038461538461538464 0.04567307692307692
0 0.12379807692307693 0.9242788461538461 0.038461538461538464 0.04326923076923077
1 0.765625 0.9387019230769231 0.03245192307692308 0.036057692307692304
1 0.859375 0.9423076923076923 0.02283653846153846 0.026442307692307692
1 0.5252403846153846 0.9483173076923077 0.03125 0.037259615384615384
0 0.25240384615384615 0.9495192307692307 0.03125 0.06490384615384616
1 0.05048076923076923 0.09495192307692307 0.025240384615384616 0.03485576923076923