1 0.12139423076923077 0.9699519230769231 0.030048076923076924 0.040865384615384616
1 0.9326923076923077 0.9771634615384616 0.026442307692307692 0.040865384615384616
1 0.5901442307692307 0.9807692307692307 0.036057692307692304 0.036057692307692304
1 0.36899038461538464 0.984375 0.03485576923076923 0.03125
1 0.3173076923076923 0.09975961538461539 0.026442307692307692 0.026442307692307692
0 0.3329326923076923 0.1141826923076923 0.038461538461538464 0.03485576923076923
1 0.7295673076923077 0.11778846153846154 0.027644230769230768 0.039663461538461536
0 0.006009615384615385 0.11778846153846154 0.01201923076923077 0.03365384615384615
1 0.3629807692307692 0.12860576923076922 0.02283653846153846 0.028846153846153848
1 0.5048076923076923 0.1310096153846154 0.03125 0.04567307692307692
1 0.2091346153846154 0.13942307692307693 0.036057692307692304 0.05048076923076923
1 0.010817307692307692 0.15625 0.018028846153846152 0.019230769230769232
1 0.5540865384615384 0.15865384615384615 0.02283653846153846 0.03125
1 0.8629807692307693 0.16105769230769232 0.040865384615384616 0.037259615384615384
0 0.13822115384615385 0.16466346153846154 0.03485576923076923 0.038461538461538464
1 0.9423076923076923 0.171875 0.038461538461538464 0.07091346153846154
0 0.29447115384615385 0.19110576923076922 0.030048076923076924 0.030048076923076924
0 0.125 0.19471153846153846 0.04567307692307692 0.04807692307692308
0 0.039663461538461536 0.20192307692307693 0.042067307692307696 0.02403846153846154
0 0.9326923076923077 0.021634615384615384 0.038461538461538464 0.042067307692307696
1 0.9903846153846154 0.21394230769230768 0.019230769230769232 0.05048076923076923
1 0.5060096153846154 0.21394230769230768 0.027644230769230768 0.026442307692307692
0 0.19591346153846154 0.21875 0.039663461538461536 0.06129807692307692
1 0.5564903846153846 0.22355769230769232 0.021634615384615384 0.026442307692307692
0 0.3125 0.2283653846153846 0.030048076923076924 0.055288461538461536
1 0.5228365384615384 0.23076923076923078 0.03125 0.02283653846153846
1 0.1778846153846154 0.24519230769230768 0.028846153846153848 0.05889423076923077
1 0.010817307692307692 0.24879807692307693 0.020432692307692308 0.030048076923076924
1 0.6778846153846154 0.24879807692307693 0.02283653846153846 0.052884615384615384
1 0.8485576923076923 0.25721153846153844 0.026442307692307692 0.037259615384615384
1 0.09254807692307693 0.026442307692307692 0.038461538461538464 0.03245192307692308
1 0.9543269230769231 0.27163461538461536 0.02283653846153846 0.03245192307692308
1 0.984375 0.028846153846153848 0.028846153846153848 0.036057692307692304
1 0.5925480769230769 0.028846153846153848 0.026442307692307692 0.03365384615384615
0 0.7091346153846154 0.2800480769230769 0.04447115384615385 0.021634615384615384
0 0.040865384615384616 0.28365384615384615 0.07091346153846154 0.04567307692307692
0 0.6105769230769231 0.2848557692307692 0.039663461538461536 0.06850961538461539
1 0.203125 0.2860576923076923 0.036057692307692304 0.040865384615384616
1 0.234375 0.30288461538461536 0.025240384615384616 0.04326923076923077
1 0.31009615384615385 0.30288461538461536 0.03125 0.04927884615384615
0 0.02403846153846154 0.3389423076923077 0.03485576923076923 0.036057692307692304
1 0.9483173076923077 0.3425480769230769 0.038461538461538464 0.07572115384615384
1 0.24759615384615385 0.34615384615384615 0.036057692307692304 0.037259615384615384
0 0.5096153846153846 0.3485576923076923 0.02283653846153846 0.051682692307692304
0 0.5480769230769231 0.036057692307692304 0.036057692307692304 0.039663461538461536
1 0.4855769230769231 0.036057692307692304 0.027644230769230768 0.03245192307692308
0 0.9014423076923077 0.3701923076923077 0.04447115384615385 0.039663461538461536
1 0.21995192307692307 0.3786057692307692 0.037259615384615384 0.026442307692307692
1 0.7055288461538461 0.39302884615384615 0.039663461538461536 0.042067307692307696
1 0.1935096153846154 0.4014423076923077 0.02283653846153846 0.028846153846153848
0 0.9699519230769231 0.4074519230769231 0.02283653846153846 0.027644230769230768
0 0.4987980769230769 0.41586538461538464 0.039663461538461536 0.040865384615384616
0 0.21995192307692307 0.4170673076923077 0.020432692307692308 0.037259615384615384
0 0.9915865384615384 0.4206730769230769 0.016826923076923076 0.027644230769230768
1 0.20072115384615385 0.042067307692307696 0.02283653846153846 0.03485576923076923
1 0.7379807692307693 0.43509615384615385 0.046875 0.046875
1 0.10216346153846154 0.44711538461538464 0.028846153846153848 0.040865384615384616
1 0.890625 0.4519230769230769 0.02403846153846154 0.03125
0 0.010817307692307692 0.4567307692307692 0.019230769230769232 0.05048076923076923
1 0.042067307692307696 0.47836538461538464 0.027644230769230768 0.04567307692307692
1 0.8257211538461539 0.4795673076923077 0.036057692307692304 0.040865384615384616
1 0.4230769230769231 0.4831730769230769 0.078125 0.037259615384615384
1 0.23317307692307693 0.4951923076923077 0.026442307692307692 0.03125
0 0.7199519230769231 0.5024038461538461 0.030048076923076924 0.06129807692307692
0 0.016826923076923076 0.5132211538461539 0.03245192307692308 0.04326923076923077
1 0.5240384615384616 0.5132211538461539 0.03365384615384615 0.052884615384615384
1 0.328125 0.5180288461538461 0.03365384615384615 0.040865384615384616
0 0.8882211538461539 0.5216346153846154 0.025240384615384616 0.051682692307692304
1 0.20432692307692307 0.5216346153846154 0.030048076923076924 0.042067307692307696
0 0.8641826923076923 0.5252403846153846 0.02403846153846154 0.03485576923076923
0 0.6370192307692307 0.5456730769230769 0.036057692307692304 0.05889423076923077
1 0.3641826923076923 0.5492788461538461 0.038461538461538464 0.03365384615384615
1 0.09014423076923077 0.5540865384615384 0.036057692307692304 0.040865384615384616
1 0.8233173076923077 0.5649038461538461 0.016826923076923076 0.025240384615384616
1 0.3485576923076923 0.056490384615384616 0.02403846153846154 0.038461538461538464
1 0.30408653846153844 0.5709134615384616 0.02283653846153846 0.027644230769230768
1 0.45552884615384615 0.578125 0.03125 0.04326923076923077
1 0.9627403846153846 0.5829326923076923 0.07451923076923077 0.04567307692307692
1 0.3701923076923077 0.5985576923076923 0.026442307692307692 0.04567307692307692
1 0.734375 0.6141826923076923 0.030048076923076924 0.039663461538461536
1 0.4963942307692308 0.6310096153846154 0.019230769230769232 0.026442307692307692
1 0.030048076923076924 0.06370192307692307 0.02403846153846154 0.055288461538461536
1 0.8257211538461539 0.6490384615384616 0.020432692307692308 0.027644230769230768
0 0.65625 0.6490384615384616 0.038461538461538464 0.052884615384615384
0 0.5120192307692307 0.6514423076923077 0.019230769230769232 0.026442307692307692
1 0.31850961538461536 0.06490384615384616 0.026442307692307692 0.026442307692307692
1 0.47716346153846156 0.65625 0.04326923076923077 0.040865384615384616
0 0.4182692307692308 0.6586538461538461 0.03365384615384615 0.05048076923076923
1 0.22956730769230768 0.6754807692307693 0.02283653846153846 0.042067307692307696
1 0.3425480769230769 0.6790865384615384 0.027644230769230768 0.03125
1 0.5264423076923077 0.6899038461538461 0.03125 0.026442307692307692
1 0.6213942307692307 0.06971153846153846 0.030048076923076924 0.046875
1 0.78125 0.7055288461538461 0.04447115384615385 0.03125
0 0.4074519230769231 0.7055288461538461 0.04927884615384615 0.042067307692307696
1 0.84375 0.7079326923076923 0.036057692307692304 0.021634615384615384
1 0.7728365384615384 0.07211538461538461 0.03365384615384615 0.03365384615384615
0 0.109375 0.7151442307692307 0.038461538461538464 0.06850961538461539
1 0.45913461538461536 0.07211538461538461 0.028846153846153848 0.038461538461538464
1 0.140625 0.7223557692307693 0.020432692307692308 0.03125
1 0.34975961538461536 0.7391826923076923 0.020432692307692308 0.03125
1 0.013221153846153846 0.7439903846153846 0.026442307692307692 0.057692307692307696
0 0.5600961538461539 0.7451923076923077 0.03125 0.055288461538461536
0 0.3713942307692308 0.7463942307692307 0.021634615384615384 0.040865384615384616
0 0.41346153846153844 0.7475961538461539 0.036057692307692304 0.038461538461538464
1 0.24519230769230768 0.7524038461538461 0.054086538461538464 0.06971153846153846
0 0.4675480769230769 0.7536057692307693 0.036057692307692304 0.042067307692307696
1 0.2980769230769231 0.7572115384615384 0.038461538461538464 0.038461538461538464
1 0.6814903846153846 0.7596153846153846 0.020432692307692308 0.026442307692307692
1 0.7800480769230769 0.7716346153846154 0.030048076923076924 0.04447115384615385
1 0.43990384615384615 0.7800480769230769 0.030048076923076924 0.03245192307692308
1 0.8798076923076923 0.7884615384615384 0.039663461538461536 0.04567307692307692
1 0.24158653846153846 0.8088942307692307 0.03245192307692308 0.037259615384615384
1 0.9543269230769231 0.08173076923076923 0.027644230769230768 0.04567307692307692
0 0.7932692307692307 0.8209134615384616 0.036057692307692304 0.05048076923076923
1 0.7572115384615384 0.8341346153846154 0.028846153846153848 0.04567307692307692
1 0.41346153846153844 0.8377403846153846 0.039663461538461536 0.037259615384615384
1 0.036057692307692304 0.8389423076923077 0.02403846153846154 0.038461538461538464
0 0.6370192307692307 0.8413461538461539 0.039663461538461536 0.04447115384615385
1 0.7355769230769231 0.8473557692307693 0.020432692307692308 0.03245192307692308
0 0.23557692307692307 0.8509615384615384 0.06490384615384616 0.039663461538461536
1 0.46153846153846156 0.859375 0.03245192307692308 0.040865384615384616
0 0.5865384615384616 0.8629807692307693 0.04447115384615385 0.04567307692307692
0 0.42908653846153844 0.8653846153846154 0.015625 0.037259615384615384
1 0.06129807692307692 0.8677884615384616 0.03485576923076923 0.026442307692307692
1 0.2860576923076923 0.8713942307692307 0.025240384615384616 0.03245192307692308
0 0.9771634615384616 0.8737980769230769 0.027644230769230768 0.07091346153846154
0 0.008413461538461538 0.0889423076923077 0.014423076923076924 0.018028846153846152
0 0.5360576923076923 0.8882211538461539 0.04567307692307692 0.03365384615384615
0 0.6201923076923077 0.890625 0.02283653846153846 0.06971153846153846
1 0.7920673076923077 0.8942307692307693 0.03125 0.05889423076923077
0 0.9387019230769231 0.8978365384615384 0.03485576923076923 0.03245192307692308
0 0.02283653846153846 0.9038461538461539 0.026442307692307692 0.03485576923076923
0 0.5745192307692307 0.9170673076923077 0.038461538461538464 0.055288461538461536
1 0.5024038461538461 0.9375 0.030048076923076924 0.036057692307692304
0 0.734375 0.9387019230769231 0.05048076923076923 0.056490384615384616
0 0.8894230769230769 0.9399038461538461 0.042067307692307696 0.06490384615384616
0 0.027644230769230768 0.9411057692307693 0.026442307692307692 0.037259615384615384
0 0.9723557692307693 0.9591346153846154 0.04326923076923077 0.051682692307692304
1 0.17908653846153846 0.9591346153846154 0.057692307692307696 0.036057692307692304