1 0.4831730769230769 0.9771634615384616 0.026442307692307692 0.03245192307692308
0 0.47475961538461536 0.10096153846153846 0.027644230769230768 0.06009615384615385
0 0.9435096153846154 0.13341346153846154 0.04447115384615385 0.07091346153846154
1 0.5420673076923077 0.014423076923076924 0.030048076923076924 0.027644230769230768
0 0.41346153846153844 0.15504807692307693 0.038461538461538464 0.03365384615384615
1 0.7175480769230769 0.15625 0.039663461538461536 0.04567307692307692
1 0.47115384615384615 0.1875 0.027644230769230768 0.036057692307692304
0 0.4230769230769231 0.19951923076923078 0.039663461538461536 0.055288461538461536
0 0.6286057692307693 0.203125 0.038461538461538464 0.040865384615384616
1 0.9651442307692307 0.20432692307692307 0.030048076923076924 0.04447115384615385
0 0.32211538461538464 0.24158653846153846 0.038461538461538464 0.04567307692307692
1 0.2860576923076923 0.24879807692307693 0.028846153846153848 0.04326923076923077
1 0.6334134615384616 0.2536057692307692 0.036057692307692304 0.055288461538461536
1 0.19230769230769232 0.27403846153846156 0.03125 0.030048076923076924
0 0.5685096153846154 0.3233173076923077 0.03125 0.03365384615384615
0 0.953125 0.03365384615384615 0.056490384615384616 0.042067307692307696
0 0.5228365384615384 0.3581730769230769 0.038461538461538464 0.07451923076923077
0 0.07211538461538461 0.3629807692307692 0.030048076923076924 0.040865384615384616
1 0.04807692307692308 0.37740384615384615 0.02403846153846154 0.03125
0 0.4831730769230769 0.39903846153846156 0.039663461538461536 0.04567307692307692
1 0.7271634615384616 0.4014423076923077 0.04567307692307692 0.04567307692307692
1 0.38100961538461536 0.41947115384615385 0.037259615384615384 0.036057692307692304
1 0.06490384615384616 0.421875 0.02283653846153846 0.03365384615384615
0 0.2692307692307692 0.43509615384615385 0.027644230769230768 0.04807692307692308
1 0.14182692307692307 0.4362980769230769 0.02403846153846154 0.03245192307692308
0 0.6778846153846154 0.4495192307692308 0.03245192307692308 0.05048076923076923
0 0.13341346153846154 0.46875 0.027644230769230768 0.03125
0 0.8954326923076923 0.4723557692307692 0.038461538461538464 0.040865384615384616
0 0.23317307692307693 0.5036057692307693 0.027644230769230768 0.04927884615384615
0 0.46634615384615385 0.5060096153846154 0.042067307692307696 0.06490384615384616
1 0.3786057692307692 0.5228365384615384 0.026442307692307692 0.03485576923076923
1 0.6009615384615384 0.5276442307692307 0.042067307692307696 0.039663461538461536
1 0.7199519230769231 0.5336538461538461 0.03365384615384615 0.038461538461538464
1 0.3485576923076923 0.5360576923076923 0.03485576923076923 0.03125
1 0.7884615384615384 0.5384615384615384 0.028846153846153848 0.05048076923076923
1 0.4182692307692308 0.5480769230769231 0.026442307692307692 0.046875
1 0.3786057692307692 0.5757211538461539 0.026442307692307692 0.03365384615384615
0 0.4891826923076923 0.5877403846153846 0.04927884615384615 0.046875
0 0.6923076923076923 0.5877403846153846 0.04567307692307692 0.05889423076923077
0 0.09254807692307693 0.6021634615384616 0.04927884615384615 0.04567307692307692
0 0.30649038461538464 0.6201923076923077 0.05889423076923077 0.04326923076923077
0 0.5432692307692307 0.6237980769230769 0.06009615384615385 0.07451923076923077
0 0.38221153846153844 0.6670673076923077 0.030048076923076924 0.040865384615384616
1 0.8425480769230769 0.6959134615384616 0.020432692307692308 0.03365384615384615
1 0.3545673076923077 0.703125 0.03245192307692308 0.03365384615384615
0 0.8173076923076923 0.7367788461538461 0.036057692307692304 0.037259615384615384
1 0.7644230769230769 0.7584134615384616 0.030048076923076924 0.039663461538461536
1 0.14302884615384615 0.7668269230769231 0.02283653846153846 0.026442307692307692
1 0.20072115384615385 0.7788461538461539 0.026442307692307692 0.0829326923076923
1 0.6995192307692307 0.8149038461538461 0.036057692307692304 0.046875
0 0.6069711538461539 0.8870192307692307 0.027644230769230768 0.04807692307692308
0 0.42908653846153844 0.9122596153846154 0.03485576923076923 0.0985576923076923
1 0.21033653846153846 0.9314903846153846 0.06490384615384616 0.06850961538461539
0 0.6742788461538461 0.9483173076923077 0.026442307692307692 0.040865384615384616