1 0.9507211538461539 0.9615384615384616 0.03245192307692308 0.03365384615384615
1 0.8978365384615384 0.9807692307692307 0.026442307692307692 0.036057692307692304
0 0.6153846153846154 0.9831730769230769 0.038461538461538464 0.026442307692307692
1 0.1045673076923077 0.09975961538461539 0.04807692307692308 0.039663461538461536
1 0.26802884615384615 0.13581730769230768 0.025240384615384616 0.04807692307692308
0 0.5877403846153846 0.13701923076923078 0.04807692307692308 0.054086538461538464
1 0.3389423076923077 0.15384615384615385 0.036057692307692304 0.054086538461538464
1 0.4483173076923077 0.17908653846153846 0.038461538461538464 0.05048076923076923
1 0.49278846153846156 0.203125 0.026442307692307692 0.036057692307692304
1 0.6754807692307693 0.22235576923076922 0.03485576923076923 0.0673076923076923
1 0.46153846153846156 0.2644230769230769 0.027644230769230768 0.03485576923076923
0 0.6153846153846154 0.030048076923076924 0.039663461538461536 0.04807692307692308
1 0.171875 0.3004807692307692 0.06971153846153846 0.06009615384615385
1 0.8569711538461539 0.31850961538461536 0.026442307692307692 0.04807692307692308
1 0.04927884615384615 0.33533653846153844 0.052884615384615384 0.040865384615384616
1 0.3173076923076923 0.03365384615384615 0.04807692307692308 0.040865384615384616
1 0.3329326923076923 0.34375 0.027644230769230768 0.03485576923076923
0 0.7403846153846154 0.3605769230769231 0.04567307692307692 0.04567307692307692
1 0.8052884615384616 0.42908653846153844 0.02283653846153846 0.03125
1 0.9495192307692307 0.4375 0.04567307692307692 0.05889423076923077
0 0.5552884615384616 0.44471153846153844 0.028846153846153848 0.05048076923076923
0 0.7776442307692307 0.44711538461538464 0.038461538461538464 0.06009615384615385
0 0.13341346153846154 0.44711538461538464 0.04326923076923077 0.05048076923076923
0 0.20673076923076922 0.45913461538461536 0.052884615384615384 0.03125
1 0.8774038461538461 0.45913461538461536 0.03245192307692308 0.040865384615384616
1 0.6814903846153846 0.46274038461538464 0.028846153846153848 0.04807692307692308
0 0.06971153846153846 0.4651442307692308 0.03485576923076923 0.042067307692307696
0 0.5853365384615384 0.46634615384615385 0.030048076923076924 0.055288461538461536
0 0.5576923076923077 0.49759615384615385 0.025240384615384616 0.03245192307692308
1 0.8100961538461539 0.5336538461538461 0.037259615384615384 0.056490384615384616
0 0.1201923076923077 0.055288461538461536 0.038461538461538464 0.04447115384615385
1 0.9302884615384616 0.057692307692307696 0.03485576923076923 0.04567307692307692
0 0.2932692307692308 0.5877403846153846 0.04447115384615385 0.06490384615384616
0 0.06129807692307692 0.5913461538461539 0.07932692307692307 0.040865384615384616
1 0.16466346153846154 0.6057692307692307 0.04326923076923077 0.04567307692307692
1 0.9266826923076923 0.6418269230769231 0.02283653846153846 0.037259615384615384
1 0.36778846153846156 0.6586538461538461 0.036057692307692304 0.042067307692307696
1 0.17067307692307693 0.6622596153846154 0.036057692307692304 0.042067307692307696
1 0.484375 0.6887019230769231 0.027644230769230768 0.036057692307692304
0 0.4098557692307692 0.7115384615384616 0.039663461538461536 0.05889423076923077
0 0.4579326923076923 0.7127403846153846 0.027644230769230768 0.04807692307692308
0 0.9747596153846154 0.7151442307692307 0.03245192307692308 0.06971153846153846
1 0.27884615384615385 0.7199519230769231 0.021634615384615384 0.03365384615384615
1 0.3389423076923077 0.7199519230769231 0.03485576923076923 0.040865384615384616
1 0.2536057692307692 0.7247596153846154 0.018028846153846152 0.036057692307692304
0 0.5853365384615384 0.7379807692307693 0.03245192307692308 0.04807692307692308
1 0.15504807692307693 0.7524038461538461 0.042067307692307696 0.039663461538461536
0 0.8569711538461539 0.7572115384615384 0.052884615384615384 0.04807692307692308
1 0.265625 0.7596153846153846 0.03485576923076923 0.04567307692307692
1 0.8064903846153846 0.7944711538461539 0.04447115384615385 0.03125
0 0.35216346153846156 0.8269230769230769 0.042067307692307696 0.05048076923076923
0 0.7043269230769231 0.8725961538461539 0.06370192307692307 0.036057692307692304
1 0.20192307692307693 0.09014423076923077 0.03245192307692308 0.055288461538461536
1 0.9735576923076923 0.8954326923076923 0.021634615384615384 0.03245192307692308
1 0.9170673076923077 0.9014423076923077 0.026442307692307692 0.03125
1 0.8173076923076923 0.9086538461538461 0.027644230769230768 0.06009615384615385
0 0.08173076923076923 0.9290865384615384 0.04447115384615385 0.04567307692307692
1 0.5709134615384616 0.9302884615384616 0.03485576923076923 0.057692307692307696
1 0.8485576923076923 0.9338942307692307 0.02283653846153846 0.021634615384615384