1 0.3858173076923077 0.9627403846153846 0.025240384615384616 0.03485576923076923
1 0.4326923076923077 0.9711538461538461 0.02403846153846154 0.046875
0 0.7728365384615384 0.9711538461538461 0.04927884615384615 0.03485576923076923
0 0.9459134615384616 0.9783653846153846 0.036057692307692304 0.036057692307692304
1 0.5901442307692307 0.11538461538461539 0.030048076923076924 0.03485576923076923
1 0.9290865384615384 0.12379807692307693 0.03125 0.04927884615384615
0 0.38461538461538464 0.12980769230769232 0.03125 0.037259615384615384
1 0.9483173076923077 0.014423076923076924 0.030048076923076924 0.027644230769230768
0 0.9086538461538461 0.1971153846153846 0.0625 0.039663461538461536
1 0.6105769230769231 0.22716346153846154 0.042067307692307696 0.04567307692307692
1 0.13221153846153846 0.2283653846153846 0.030048076923076924 0.06009615384615385
1 0.1778846153846154 0.02283653846153846 0.038461538461538464 0.04567307692307692
1 0.9819711538461539 0.24879807692307693 0.036057692307692304 0.04567307692307692
1 0.08413461538461539 0.25240384615384615 0.03125 0.040865384615384616
1 0.5216346153846154 0.25600961538461536 0.027644230769230768 0.03485576923076923
1 0.014423076923076924 0.25841346153846156 0.028846153846153848 0.040865384615384616
1 0.7764423076923077 0.27163461538461536 0.026442307692307692 0.027644230769230768
1 0.06370192307692307 0.2776442307692308 0.02283653846153846 0.038461538461538464
1 0.19951923076923078 0.28365384615384615 0.03125 0.04567307692307692
0 0.35216346153846156 0.028846153846153848 0.040865384615384616 0.052884615384615384
1 0.35216346153846156 0.29447115384615385 0.02403846153846154 0.03125
1 0.796875 0.30649038461538464 0.025240384615384616 0.026442307692307692
1 0.6117788461538461 0.33413461538461536 0.03245192307692308 0.03245192307692308
1 0.8245192307692307 0.3401442307692308 0.027644230769230768 0.03125
0 0.4326923076923077 0.037259615384615384 0.037259615384615384 0.04567307692307692
1 0.6971153846153846 0.3737980769230769 0.02403846153846154 0.05048076923076923
1 0.10096153846153846 0.39903846153846156 0.026442307692307692 0.03245192307692308
1 0.45552884615384615 0.40384615384615385 0.03125 0.037259615384615384
1 0.8629807692307693 0.4110576923076923 0.03485576923076923 0.039663461538461536
1 0.24278846153846154 0.41225961538461536 0.03125 0.04927884615384615
0 0.4098557692307692 0.4735576923076923 0.054086538461538464 0.04567307692307692
1 0.9915865384615384 0.47475961538461536 0.015625 0.04447115384615385
1 0.14423076923076922 0.47596153846153844 0.03485576923076923 0.037259615384615384
1 0.90625 0.49759615384615385 0.06009615384615385 0.04567307692307692
0 0.08774038461538461 0.5649038461538461 0.0673076923076923 0.04326923076923077
1 0.8112980769230769 0.5841346153846154 0.028846153846153848 0.038461538461538464
1 0.7175480769230769 0.59375 0.026442307692307692 0.036057692307692304
0 0.5120192307692307 0.06129807692307692 0.038461538461538464 0.038461538461538464
1 0.5661057692307693 0.6225961538461539 0.04807692307692308 0.039663461538461536
0 0.5432692307692307 0.6502403846153846 0.039663461538461536 0.04326923076923077
1 0.4014423076923077 0.6598557692307693 0.040865384615384616 0.04567307692307692
1 0.21394230769230768 0.6694711538461539 0.037259615384615384 0.05048076923076923
1 0.4723557692307692 0.7091346153846154 0.042067307692307696 0.040865384615384616
0 0.17908653846153846 0.7103365384615384 0.039663461538461536 0.03125
0 0.2800480769230769 0.7139423076923077 0.042067307692307696 0.04807692307692308
1 0.9278846153846154 0.7259615384615384 0.027644230769230768 0.036057692307692304
1 0.6887019230769231 0.07451923076923077 0.03245192307692308 0.040865384615384616
0 0.59375 0.7548076923076923 0.03245192307692308 0.040865384615384616
1 0.10576923076923077 0.7584134615384616 0.04326923076923077 0.037259615384615384
1 0.18509615384615385 0.7620192307692307 0.02283653846153846 0.06129807692307692
1 0.4951923076923077 0.765625 0.03125 0.04807692307692308
1 0.015625 0.7860576923076923 0.03125 0.052884615384615384
1 0.4675480769230769 0.7884615384615384 0.027644230769230768 0.037259615384615384
1 0.96875 0.8016826923076923 0.039663461538461536 0.036057692307692304
1 0.6658653846153846 0.8269230769230769 0.038461538461538464 0.04567307692307692
0 0.7668269230769231 0.8401442307692307 0.0673076923076923 0.039663461538461536
1 0.44711538461538464 0.8485576923076923 0.042067307692307696 0.057692307692307696
1 0.22956730769230768 0.08774038461538461 0.039663461538461536 0.04927884615384615
1 0.6045673076923077 0.8786057692307693 0.03485576923076923 0.040865384615384616
1 0.24759615384615385 0.8870192307692307 0.02283653846153846 0.03485576923076923
1 0.9603365384615384 0.9290865384615384 0.04447115384615385 0.039663461538461536
0 0.4098557692307692 0.9350961538461539 0.03485576923076923 0.026442307692307692
1 0.5721153846153846 0.9495192307692307 0.04567307692307692 0.04927884615384615
1 0.1466346153846154 0.9507211538461539 0.027644230769230768 0.03245192307692308
0 0.625 0.9555288461538461 0.038461538461538464 0.07932692307692307