1 0.7824519230769231 0.9771634615384616 0.03125 0.038461538461538464
1 0.3629807692307692 0.0985576923076923 0.025240384615384616 0.036057692307692304
1 0.7944711538461539 0.0985576923076923 0.025240384615384616 0.036057692307692304
1 0.22716346153846154 0.9831730769230769 0.02403846153846154 0.026442307692307692
0 0.6971153846153846 0.10576923076923077 0.04326923076923077 0.040865384615384616
1 0.6033653846153846 0.11177884615384616 0.02403846153846154 0.03365384615384615
1 0.3581730769230769 0.01201923076923077 0.028846153846153848 0.02403846153846154
0 0.765625 0.12620192307692307 0.042067307692307696 0.03125
1 0.27163461538461536 0.014423076923076924 0.026442307692307692 0.027644230769230768
1 0.6358173076923077 0.1502403846153846 0.036057692307692304 0.039663461538461536
1 0.9411057692307693 0.15384615384615385 0.016826923076923076 0.04927884615384615
1 0.23557692307692307 0.17307692307692307 0.028846153846153848 0.04567307692307692
0 0.45072115384615385 0.17548076923076922 0.030048076923076924 0.05048076923076923
0 0.3762019230769231 0.18269230769230768 0.04447115384615385 0.06009615384615385
1 0.4230769230769231 0.18269230769230768 0.021634615384615384 0.040865384615384616
0 0.14783653846153846 0.18509615384615385 0.04326923076923077 0.040865384615384616
1 0.9543269230769231 0.18990384615384615 0.020432692307692308 0.028846153846153848
1 0.8473557692307693 0.1935096153846154 0.02283653846153846 0.036057692307692304
1 0.25721153846153844 0.19951923076923078 0.03365384615384615 0.03245192307692308
1 0.015625 0.2127403846153846 0.02403846153846154 0.028846153846153848
1 0.6959134615384616 0.21514423076923078 0.039663461538461536 0.028846153846153848
1 0.5588942307692307 0.21995192307692307 0.04807692307692308 0.051682692307692304
0 0.4699519230769231 0.23557692307692307 0.021634615384615384 0.03365384615384615
1 0.9194711538461539 0.2536057692307692 0.03125 0.03365384615384615
1 0.9411057692307693 0.27403846153846156 0.020432692307692308 0.03125
1 0.17427884615384615 0.28846153846153844 0.025240384615384616 0.042067307692307696
0 0.625 0.296875 0.03125 0.06129807692307692
1 0.4483173076923077 0.30408653846153844 0.04326923076923077 0.054086538461538464
1 0.5853365384615384 0.03245192307692308 0.026442307692307692 0.036057692307692304
1 0.20552884615384615 0.3245192307692308 0.02283653846153846 0.038461538461538464
1 0.3233173076923077 0.33653846153846156 0.04326923076923077 0.05048076923076923
1 0.6598557692307693 0.03365384615384615 0.019230769230769232 0.028846153846153848
0 0.9771634615384616 0.3485576923076923 0.027644230769230768 0.06370192307692307
1 0.8461538461538461 0.037259615384615384 0.025240384615384616 0.036057692307692304
1 0.9002403846153846 0.040865384615384616 0.02403846153846154 0.04927884615384615
0 0.5444711538461539 0.4110576923076923 0.05048076923076923 0.10336538461538461
1 0.359375 0.042067307692307696 0.020432692307692308 0.02403846153846154
0 0.39783653846153844 0.4206730769230769 0.03485576923076923 0.03125
0 0.6959134615384616 0.43509615384615385 0.039663461538461536 0.06129807692307692
1 0.9290865384615384 0.4375 0.03485576923076923 0.03485576923076923
0 0.2860576923076923 0.44711538461538464 0.03485576923076923 0.036057692307692304
0 0.8834134615384616 0.46274038461538464 0.051682692307692304 0.109375
1 0.4098557692307692 0.47475961538461536 0.04927884615384615 0.04807692307692308
1 0.5360576923076923 0.5060096153846154 0.02403846153846154 0.05889423076923077
1 0.18028846153846154 0.5264423076923077 0.03125 0.04807692307692308
0 0.6694711538461539 0.53125 0.06370192307692307 0.05048076923076923
1 0.016826923076923076 0.5324519230769231 0.02283653846153846 0.027644230769230768
0 0.8173076923076923 0.5408653846153846 0.030048076923076924 0.039663461538461536
1 0.5901442307692307 0.5432692307692307 0.027644230769230768 0.040865384615384616
0 0.8413461538461539 0.5504807692307693 0.020432692307692308 0.042067307692307696
0 0.9014423076923077 0.5540865384615384 0.04326923076923077 0.057692307692307696
0 0.7728365384615384 0.5637019230769231 0.038461538461538464 0.04567307692307692
1 0.0829326923076923 0.5889423076923077 0.02283653846153846 0.026442307692307692
1 0.4266826923076923 0.5961538461538461 0.026442307692307692 0.037259615384615384
0 0.7223557692307693 0.5985576923076923 0.052884615384615384 0.0733173076923077
0 0.8112980769230769 0.6069711538461539 0.046875 0.03125
0 0.39903846153846156 0.609375 0.02403846153846154 0.05889423076923077
0 0.8233173076923077 0.6502403846153846 0.03485576923076923 0.030048076923076924
0 0.421875 0.6610576923076923 0.02283653846153846 0.026442307692307692
0 0.1346153846153846 0.6766826923076923 0.04807692307692308 0.06850961538461539
0 0.45552884615384615 0.6778846153846154 0.039663461538461536 0.036057692307692304
0 0.9903846153846154 0.6778846153846154 0.019230769230769232 0.04326923076923077
0 0.8762019230769231 0.6875 0.026442307692307692 0.04567307692307692
1 0.6262019230769231 0.6899038461538461 0.03485576923076923 0.054086538461538464
1 0.5432692307692307 0.06971153846153846 0.02403846153846154 0.03125
1 0.5661057692307693 0.6959134615384616 0.039663461538461536 0.040865384615384616
1 0.7884615384615384 0.6995192307692307 0.02283653846153846 0.028846153846153848
1 0.40865384615384615 0.7139423076923077 0.025240384615384616 0.03125
0 0.5997596153846154 0.07211538461538461 0.04807692307692308 0.03245192307692308
1 0.19951923076923078 0.7259615384615384 0.025240384615384616 0.03365384615384615
0 0.31971153846153844 0.7403846153846154 0.03485576923076923 0.04807692307692308
0 0.29086538461538464 0.7487980769230769 0.02283653846153846 0.040865384615384616
1 0.6322115384615384 0.7487980769230769 0.05048076923076923 0.037259615384615384
0 0.6935096153846154 0.7548076923076923 0.027644230769230768 0.042067307692307696
1 0.013221153846153846 0.7764423076923077 0.025240384615384616 0.028846153846153848
0 0.1466346153846154 0.7824519230769231 0.036057692307692304 0.04567307692307692
1 0.0673076923076923 0.7932692307692307 0.021634615384615384 0.030048076923076924
0 0.4567307692307692 0.8004807692307693 0.028846153846153848 0.054086538461538464
1 0.3389423076923077 0.8173076923076923 0.04567307692307692 0.055288461538461536
1 0.9651442307692307 0.8221153846153846 0.028846153846153848 0.03365384615384615
0 0.4050480769230769 0.8365384615384616 0.039663461538461536 0.03365384615384615
0 0.9459134615384616 0.8485576923076923 0.03245192307692308 0.05048076923076923
1 0.9879807692307693 0.8605769230769231 0.02403846153846154 0.03365384615384615
1 0.8028846153846154 0.8701923076923077 0.03125 0.04927884615384615
0 0.7548076923076923 0.08774038461538461 0.03485576923076923 0.036057692307692304
1 0.9050480769230769 0.8810096153846154 0.03245192307692308 0.037259615384615384
0 0.3485576923076923 0.9074519230769231 0.03125 0.037259615384615384
0 0.19831730769230768 0.9254807692307693 0.03245192307692308 0.056490384615384616
1 0.7391826923076923 0.9350961538461539 0.025240384615384616 0.038461538461538464
1 0.7079326923076923 0.9362980769230769 0.02283653846153846 0.036057692307692304
0 0.8425480769230769 0.9447115384615384 0.038461538461538464 0.04567307692307692
1 0.34375 0.9471153846153846 0.026442307692307692 0.030048076923076924
1 0.9699519230769231 0.9567307692307693 0.03245192307692308 0.0829326923076923